tanu,arrival_time_w1,w1_total_flow_first10s,h_step1,h_step2,h_step3,h_step4,h_step5,h_step6,h_step7,h_step8,h_step9,h_step10,v_step1,v_step2,v_step3,v_step4,v_step5,v_step6,v_step7,v_step8,v_step9,v_step10,f_step1,f_step2,f_step3,f_step4,f_step5,f_step6,f_step7,f_step8,f_step9,f_step10,class_simple
0.500000,7.128000,365.690000,0.792600,1.131000,1.191000,1.221000,1.195000,1.150000,1.140000,1.149000,1.107000,1.052000,7.032000,5.841000,5.253000,4.573000,4.132000,3.679000,3.227000,2.978000,2.668000,2.350000,44.580000,52.870000,50.030000,44.670000,39.520000,33.830000,29.440000,27.360000,23.620000,19.770000,2
0.522200,7.631000,309.860000,0.888000,1.074000,1.170000,1.210000,1.146000,1.094000,1.096000,1.087000,1.050000,1.000000,6.380000,5.239000,4.770000,4.088000,3.566000,3.119000,2.748000,2.382000,1.980000,1.738000,45.320000,45.000000,44.670000,39.560000,32.680000,27.290000,24.090000,20.710000,16.640000,13.900000,2
0.544400,8.131000,256.363000,0.909400,1.071000,1.137000,1.117000,1.048000,1.046000,1.084000,1.016000,1.030000,0.956600,5.627000,4.816000,4.242000,3.630000,3.059000,2.592000,2.188000,1.763000,1.529000,1.295000,40.940000,41.250000,38.570000,32.430000,25.650000,21.690000,18.980000,14.330000,12.610000,9.913000,1
0.566700,7.900000,224.736000,0.747200,0.910000,1.061000,1.094000,1.053000,1.049000,1.015000,0.981700,0.964100,0.968900,5.731000,4.755000,4.186000,3.595000,2.954000,2.447000,1.906000,1.491000,1.154000,0.948900,34.260000,34.620000,35.530000,31.470000,24.870000,20.540000,15.480000,11.710000,8.901000,7.355000,1
0.588900,7.880000,187.853000,0.632500,0.828800,0.969300,1.029000,1.018000,1.000000,0.972800,0.954400,0.915400,0.873800,5.541000,4.628000,3.907000,3.350000,2.733000,2.173000,1.594000,1.151000,0.818800,0.630300,28.040000,30.680000,30.300000,27.590000,22.260000,17.380000,12.410000,8.790000,5.996000,4.407000,1
0.611100,8.545000,139.378000,0.682500,0.846000,0.931300,0.923700,0.951900,0.951500,0.905200,0.874300,0.852400,0.804000,4.798000,3.971000,3.306000,2.698000,2.063000,1.494000,0.940100,0.556100,0.326700,0.267700,26.200000,26.880000,24.630000,19.940000,15.710000,11.370000,6.808000,3.890000,2.228000,1.722000,0
0.633300,8.222000,112.766700,0.532800,0.677200,0.812300,0.836300,0.839200,0.859500,0.842700,0.801400,0.771200,0.772100,4.776000,4.063000,3.306000,2.571000,2.001000,1.420000,0.771200,0.307600,0.119400,0.097620,20.360000,22.010000,21.490000,17.200000,13.430000,9.766000,5.199000,1.972000,0.736700,0.603000,0
0.655600,8.858000,75.357600,0.511300,0.644700,0.722900,0.771800,0.765000,0.749900,0.734600,0.718900,0.704800,0.691500,4.155000,3.337000,2.687000,1.987000,1.249000,0.674900,0.175800,0.026850,0.034280,0.047880,17.000000,17.210000,15.540000,12.270000,7.643000,4.049000,1.033000,0.154400,0.193300,0.264900,0
0.677800,8.576000,58.511400,0.411400,0.502600,0.579000,0.607300,0.623200,0.617800,0.613200,0.603200,0.588900,0.577100,4.102000,3.386000,2.625000,1.921000,1.266000,0.585400,0.077670,0.021590,0.022460,0.024140,13.500000,13.610000,12.160000,9.333000,6.312000,2.894000,0.381000,0.104200,0.105800,0.111400,0
0.700000,9.328000,34.572830,0.392200,0.460600,0.491300,0.500300,0.491700,0.501000,0.499700,0.495100,0.491200,0.488000,3.370000,2.608000,1.862000,1.156000,0.526500,0.043770,0.014100,0.012530,0.012190,0.011140,10.570000,9.611000,7.320000,4.628000,2.071000,0.175400,0.056380,0.049650,0.047910,0.043490,0
0.500000,7.791000,368.490000,1.192000,1.251000,1.290000,1.296000,1.271000,1.155000,1.154000,1.124000,1.032000,1.014000,6.313000,5.436000,4.855000,4.304000,3.789000,3.453000,2.981000,2.736000,2.386000,2.084000,60.180000,54.410000,50.100000,44.630000,38.520000,31.910000,27.520000,24.610000,19.700000,16.910000,2
0.522200,7.365000,337.610000,0.862600,1.171000,1.192000,1.309000,1.245000,1.190000,1.158000,1.160000,1.062000,1.041000,6.637000,5.427000,4.888000,4.314000,3.757000,3.236000,2.761000,2.442000,2.086000,1.794000,45.800000,50.860000,46.610000,45.180000,37.430000,30.810000,25.580000,22.660000,17.730000,14.950000,2
0.544400,7.966000,283.640000,0.969400,1.141000,1.229000,1.275000,1.192000,1.158000,1.128000,1.077000,1.028000,0.984700,5.756000,4.952000,4.291000,3.759000,3.128000,2.642000,2.216000,1.812000,1.544000,1.356000,44.640000,45.220000,42.180000,38.330000,29.820000,24.470000,20.000000,15.610000,12.690000,10.680000,2
0.566700,7.511000,249.326000,0.692000,0.960100,1.061000,1.138000,1.158000,1.135000,1.134000,1.097000,1.056000,0.992300,6.053000,5.121000,4.417000,3.762000,3.133000,2.606000,2.126000,1.706000,1.244000,0.917900,33.510000,39.330000,37.490000,34.260000,29.030000,23.660000,19.280000,14.970000,10.510000,7.286000,1
0.588900,8.256000,191.196000,0.799500,0.966400,1.058000,1.095000,1.084000,1.035000,1.006000,0.986600,0.960600,0.914600,5.230000,4.402000,3.724000,3.048000,2.487000,1.910000,1.406000,0.963300,0.652800,0.570900,33.450000,34.030000,31.530000,26.700000,21.570000,15.810000,11.310000,7.603000,5.016000,4.177000,1
0.611100,8.098000,158.675000,0.634800,0.852200,0.984000,0.985400,0.993000,0.999200,1.004000,0.955400,0.911800,0.867400,5.167000,4.318000,3.572000,2.844000,2.257000,1.759000,1.224000,0.766700,0.409400,0.258000,26.240000,29.440000,28.120000,22.420000,17.930000,14.060000,9.828000,5.860000,2.986000,1.791000,0
0.633300,8.802000,110.263700,0.671300,0.844800,0.894000,0.886800,0.916300,0.920300,0.872400,0.876100,0.828400,0.815000,4.420000,3.668000,2.919000,2.202000,1.601000,0.999500,0.468700,0.176000,0.117500,0.132200,23.740000,24.790000,20.880000,15.620000,11.730000,7.359000,3.271000,1.233000,0.778600,0.862100,0
0.655600,8.381000,89.620600,0.511900,0.661100,0.759000,0.838900,0.811300,0.819400,0.798100,0.771900,0.739100,0.723900,4.506000,3.723000,3.042000,2.233000,1.480000,0.834600,0.313600,0.034970,0.045660,0.079020,18.450000,19.690000,18.470000,14.990000,9.604000,5.471000,2.002000,0.216000,0.270000,0.457600,0
0.677800,9.379000,54.264880,0.537100,0.654000,0.676100,0.734400,0.712400,0.709300,0.697300,0.685200,0.666100,0.656500,3.561000,2.861000,2.110000,1.353000,0.658200,0.065870,0.015840,0.025350,0.026970,0.026490,15.300000,14.970000,11.410000,7.950000,3.751000,0.373700,0.088380,0.139000,0.143700,0.139100,0
0.700000,8.819000,45.760440,0.408800,0.479600,0.566300,0.576800,0.581400,0.569000,0.570500,0.567700,0.559000,0.553800,3.733000,3.006000,2.275000,1.557000,0.787300,0.143400,0.014500,0.010690,0.008584,0.013250,12.210000,11.530000,10.310000,7.184000,3.662000,0.652600,0.066190,0.048560,0.038380,0.058710,0
0.500000,7.125000,418.820000,0.923900,1.409000,1.337000,1.421000,1.369000,1.343000,1.291000,1.222000,1.143000,1.155000,7.055000,5.933000,5.245000,4.720000,4.127000,3.648000,3.261000,2.954000,2.534000,2.158000,52.140000,66.870000,56.090000,53.670000,45.200000,39.180000,33.680000,28.890000,23.170000,19.930000,2
0.522200,7.765000,359.850000,1.131000,1.338000,1.314000,1.419000,1.321000,1.297000,1.269000,1.245000,1.129000,1.079000,6.206000,5.339000,4.674000,4.143000,3.628000,3.053000,2.712000,2.255000,1.790000,1.643000,56.150000,57.160000,49.140000,47.020000,38.350000,31.690000,27.520000,22.460000,16.170000,14.190000,2
0.544400,7.496000,321.080000,0.890400,1.196000,1.261000,1.372000,1.314000,1.217000,1.203000,1.218000,1.141000,1.073000,6.257000,5.230000,4.681000,4.030000,3.497000,2.874000,2.347000,2.089000,1.683000,1.395000,44.570000,50.040000,47.230000,44.220000,36.750000,27.980000,22.590000,20.350000,15.370000,11.980000,2
0.566700,8.157000,256.921000,0.975100,1.185000,1.208000,1.278000,1.214000,1.180000,1.117000,1.082000,1.040000,1.014000,5.448000,4.803000,4.073000,3.478000,2.915000,2.293000,1.796000,1.387000,1.054000,0.885900,42.500000,45.550000,39.350000,35.550000,28.310000,21.640000,16.050000,12.010000,8.773000,7.188000,1
0.588900,7.963000,218.187000,0.800000,1.006000,1.104000,1.132000,1.169000,1.146000,1.128000,1.099000,1.053000,1.009000,5.419000,4.587000,3.901000,3.337000,2.722000,2.131000,1.629000,1.133000,0.820800,0.664100,34.680000,36.920000,34.450000,30.210000,25.460000,19.530000,14.700000,9.963000,6.915000,5.359000,1
0.611100,7.655000,179.814000,0.591600,0.845800,0.998700,1.070000,1.096000,1.089000,1.058000,1.015000,0.970300,0.914500,5.405000,4.664000,3.858000,3.268000,2.465000,1.881000,1.359000,0.912500,0.562300,0.357100,25.580000,31.560000,30.830000,27.970000,21.610000,16.380000,11.500000,7.406000,4.365000,2.613000,0
0.633300,8.391000,124.923600,0.644100,0.851100,0.944600,1.024000,0.976900,0.971600,0.963900,0.940000,0.901400,0.863000,4.604000,3.953000,3.138000,2.437000,1.781000,1.136000,0.601600,0.188200,0.111600,0.142300,23.720000,26.920000,23.720000,19.970000,13.920000,8.832000,4.639000,1.415000,0.804900,0.982700,0
0.655600,8.429000,98.469700,0.566700,0.731100,0.844700,0.887500,0.893100,0.893900,0.855000,0.840700,0.813100,0.808900,4.419000,3.679000,2.938000,2.116000,1.515000,0.957500,0.408800,0.091300,0.079590,0.067220,20.040000,21.510000,19.860000,15.020000,10.830000,6.847000,2.796000,0.614000,0.517700,0.435000,0
0.677800,8.526000,72.005200,0.499700,0.632800,0.728900,0.787500,0.798100,0.810500,0.757000,0.742900,0.735700,0.726200,4.054000,3.340000,2.569000,1.967000,1.170000,0.493000,0.056080,0.030380,0.030720,0.024990,16.210000,16.910000,14.980000,12.390000,7.472000,3.197000,0.339600,0.180600,0.180800,0.145200,0
0.700000,9.076000,43.343840,0.460300,0.536500,0.581900,0.615300,0.604800,0.598200,0.595100,0.592000,0.587300,0.582700,3.518000,2.739000,1.967000,1.257000,0.583000,0.049080,0.010290,0.012980,0.013040,0.015280,12.950000,11.750000,9.157000,6.188000,2.821000,0.234900,0.048980,0.061490,0.061250,0.071220,0
0.500000,7.647000,427.710000,1.338000,1.396000,1.476000,1.454000,1.400000,1.340000,1.363000,1.267000,1.216000,1.140000,6.595000,5.484000,5.115000,4.338000,3.873000,3.403000,3.070000,2.777000,2.471000,2.141000,70.600000,61.240000,60.380000,50.470000,43.370000,36.480000,33.470000,28.150000,24.030000,19.520000,2
0.522200,7.360000,393.420000,0.990200,1.415000,1.371000,1.470000,1.388000,1.353000,1.298000,1.218000,1.198000,1.134000,6.687000,5.741000,4.960000,4.378000,3.867000,3.362000,2.830000,2.455000,2.130000,1.825000,52.970000,64.970000,54.390000,51.470000,42.950000,36.400000,29.380000,23.930000,20.410000,16.550000,2
0.544400,7.199000,350.010000,0.787400,1.207000,1.285000,1.355000,1.316000,1.421000,1.319000,1.291000,1.294000,1.219000,6.582000,5.717000,4.919000,4.286000,3.616000,3.210000,2.532000,2.131000,1.791000,1.486000,41.460000,55.220000,50.560000,46.460000,38.080000,36.490000,26.710000,22.010000,18.530000,14.490000,2
0.566700,7.971000,277.096000,0.995600,1.204000,1.296000,1.287000,1.272000,1.252000,1.200000,1.209000,1.140000,1.088000,5.697000,4.809000,4.198000,3.524000,2.870000,2.307000,1.845000,1.576000,1.241000,1.036000,45.380000,46.300000,43.520000,36.290000,29.210000,23.110000,17.710000,15.240000,11.320000,9.016000,1
0.588900,7.539000,244.275000,0.693200,1.035000,1.212000,1.220000,1.221000,1.202000,1.217000,1.185000,1.129000,1.096000,5.839000,4.951000,4.237000,3.644000,2.898000,2.344000,1.729000,1.240000,0.942200,0.717500,32.380000,41.000000,41.090000,35.560000,28.310000,22.540000,16.830000,11.760000,8.513000,6.292000,1
0.611100,8.359000,181.305000,0.824300,1.061000,1.180000,1.158000,1.169000,1.116000,1.063000,1.032000,0.994500,0.929600,5.007000,4.260000,3.494000,2.647000,2.132000,1.538000,1.069000,0.659900,0.459500,0.368100,33.020000,36.160000,32.990000,24.520000,19.940000,13.740000,9.091000,5.451000,3.656000,2.737000,1
0.633300,7.944000,151.857000,0.608800,0.839800,1.007000,1.097000,1.109000,1.066000,1.043000,0.997500,0.973500,0.912500,5.015000,4.279000,3.654000,2.819000,2.073000,1.402000,0.854800,0.478300,0.244800,0.178800,24.420000,28.750000,29.440000,24.740000,18.400000,11.950000,7.129000,3.817000,1.906000,1.305000,0
0.655600,8.558000,106.364600,0.607300,0.839400,0.949000,0.934600,0.964000,0.931600,0.915500,0.867300,0.846500,0.815200,4.380000,3.719000,2.911000,2.193000,1.488000,0.814400,0.266600,0.116800,0.114900,0.081900,21.280000,24.970000,22.100000,16.400000,11.470000,6.070000,1.952000,0.810500,0.778000,0.534100,0
0.677800,8.193000,82.433600,0.471800,0.617500,0.806400,0.830000,0.837800,0.818100,0.815800,0.777900,0.771600,0.766200,4.292000,3.694000,3.045000,2.198000,1.292000,0.583800,0.099060,0.048870,0.028930,0.020600,16.200000,18.250000,19.650000,14.600000,8.657000,3.821000,0.646600,0.304100,0.178600,0.126300,0
0.700000,9.183000,49.073980,0.504700,0.611600,0.682300,0.706000,0.713800,0.716900,0.711900,0.705000,0.697800,0.690200,3.500000,2.792000,1.981000,1.211000,0.521800,0.048110,0.012090,0.016720,0.017900,0.021190,14.130000,13.660000,10.810000,6.838000,2.980000,0.275900,0.068850,0.094300,0.099930,0.117000,0
0.500000,7.776000,439.800000,1.473000,1.506000,1.473000,1.574000,1.505000,1.408000,1.336000,1.290000,1.255000,1.173000,6.444000,5.495000,4.840000,4.301000,3.841000,3.453000,2.965000,2.637000,2.294000,2.071000,75.920000,66.190000,57.030000,54.170000,46.250000,38.880000,31.700000,27.220000,23.020000,19.420000,3
0.522200,7.437000,405.120000,1.130000,1.396000,1.487000,1.507000,1.415000,1.457000,1.352000,1.304000,1.223000,1.181000,6.578000,5.597000,4.868000,4.314000,3.811000,3.267000,2.796000,2.400000,2.049000,1.762000,59.490000,62.520000,57.900000,52.020000,43.130000,38.070000,30.240000,25.040000,20.050000,16.660000,2
0.544400,7.991000,338.720000,1.246000,1.373000,1.471000,1.393000,1.395000,1.395000,1.353000,1.251000,1.216000,1.134000,5.779000,5.013000,4.349000,3.741000,3.215000,2.708000,2.276000,1.800000,1.417000,1.177000,57.590000,55.050000,51.190000,41.690000,35.870000,30.220000,24.640000,18.010000,13.780000,10.680000,2
0.566700,7.878000,297.483000,1.018000,1.317000,1.329000,1.354000,1.347000,1.362000,1.312000,1.259000,1.162000,1.119000,5.903000,4.866000,4.202000,3.526000,2.971000,2.407000,1.976000,1.520000,1.179000,1.116000,48.070000,51.290000,44.680000,38.200000,32.010000,26.230000,20.740000,15.310000,10.960000,9.993000,2
0.588900,7.544000,262.810000,0.766300,1.074000,1.265000,1.365000,1.351000,1.233000,1.216000,1.224000,1.212000,1.130000,5.921000,5.080000,4.240000,3.593000,2.963000,2.205000,1.723000,1.343000,1.021000,0.787300,36.300000,43.670000,42.910000,39.230000,32.010000,21.760000,16.770000,13.150000,9.892000,7.118000,1
0.611100,8.180000,193.812000,0.845000,1.098000,1.265000,1.190000,1.229000,1.248000,1.211000,1.159000,1.076000,1.021000,5.207000,4.305000,3.540000,2.805000,2.215000,1.550000,1.011000,0.560700,0.349900,0.364400,35.200000,37.830000,35.820000,26.720000,21.780000,15.470000,9.802000,5.200000,3.012000,2.978000,1
0.633300,7.879000,159.828800,0.639500,0.855200,1.073000,1.161000,1.108000,1.037000,1.059000,1.013000,0.973700,0.918100,5.170000,4.438000,3.674000,2.897000,2.147000,1.459000,0.912500,0.448700,0.171600,0.096090,26.450000,30.360000,31.550000,26.910000,19.040000,12.110000,7.729000,3.637000,1.337000,0.705800,0
0.655600,8.449000,116.068500,0.655300,0.872600,1.007000,1.056000,1.009000,0.970600,0.972000,0.942100,0.901200,0.879000,4.539000,3.886000,3.008000,2.217000,1.409000,0.827100,0.305600,0.103300,0.087120,0.085830,23.800000,27.130000,24.230000,18.730000,11.370000,6.422000,2.376000,0.778800,0.628100,0.603600,0
0.677800,8.428000,89.217900,0.571200,0.722700,0.810500,0.913900,0.912000,0.872100,0.861200,0.842500,0.842300,0.818200,4.416000,3.686000,2.865000,2.051000,1.267000,0.589200,0.035700,0.025340,0.027970,0.029890,20.180000,21.310000,18.570000,15.000000,9.247000,4.110000,0.245900,0.170800,0.188500,0.195700,0
0.700000,8.330000,68.913570,0.475900,0.590500,0.675500,0.715900,0.772500,0.767100,0.731500,0.713800,0.706800,0.701800,4.139000,3.626000,2.702000,1.935000,1.181000,0.423000,0.016980,0.017150,0.023110,0.021300,15.760000,17.130000,14.600000,11.080000,7.300000,2.596000,0.099350,0.097920,0.130700,0.119600,0
0.500000,6.987000,487.780000,0.971400,1.523000,1.553000,1.591000,1.627000,1.532000,1.492000,1.363000,1.297000,1.220000,7.383000,6.254000,5.552000,4.790000,4.394000,3.807000,3.325000,2.871000,2.651000,2.249000,57.380000,76.180000,68.960000,60.960000,57.170000,46.650000,39.700000,31.320000,27.510000,21.950000,3
0.522200,7.752000,412.640000,1.351000,1.534000,1.552000,1.629000,1.566000,1.463000,1.425000,1.414000,1.298000,1.207000,6.289000,5.347000,4.701000,4.078000,3.483000,2.948000,2.633000,2.210000,1.832000,1.589000,67.990000,65.630000,58.350000,53.140000,43.640000,34.510000,30.020000,24.990000,19.020000,15.350000,2
0.544400,7.492000,376.390000,1.066000,1.369000,1.391000,1.554000,1.590000,1.444000,1.381000,1.353000,1.321000,1.267000,6.593000,5.632000,4.761000,4.055000,3.489000,2.789000,2.379000,1.925000,1.678000,1.344000,56.230000,61.660000,53.000000,50.430000,44.370000,32.230000,26.280000,20.840000,17.730000,13.620000,2
0.566700,7.184000,330.342000,0.765500,1.246000,1.329000,1.472000,1.417000,1.471000,1.429000,1.348000,1.214000,1.158000,6.425000,5.514000,4.755000,3.995000,3.326000,2.743000,2.307000,1.789000,1.338000,1.058000,39.350000,54.970000,50.540000,47.040000,37.700000,32.290000,26.370000,19.280000,13.000000,9.802000,2
0.588900,7.849000,260.831000,0.925200,1.181000,1.300000,1.385000,1.337000,1.319000,1.276000,1.256000,1.190000,1.124000,5.779000,4.745000,4.093000,3.468000,2.690000,2.084000,1.657000,1.188000,0.783500,0.567800,42.780000,44.840000,42.580000,38.430000,28.790000,22.000000,16.910000,11.940000,7.457000,5.104000,1
0.611100,8.435000,199.333000,0.931700,1.144000,1.321000,1.296000,1.200000,1.178000,1.164000,1.141000,1.077000,1.031000,5.043000,4.261000,3.531000,2.777000,2.036000,1.527000,1.057000,0.655500,0.423600,0.392600,37.580000,39.000000,37.310000,28.800000,19.540000,14.390000,9.842000,5.982000,3.649000,3.240000,1
0.633300,8.104000,166.564000,0.750400,0.962300,1.124000,1.144000,1.161000,1.191000,1.222000,1.141000,1.072000,1.058000,5.213000,4.180000,3.558000,2.757000,1.890000,1.415000,0.882500,0.417100,0.164500,0.119100,31.300000,32.180000,31.980000,25.220000,17.550000,13.480000,8.631000,3.805000,1.410000,1.008000,0
0.655600,8.496000,119.687800,0.715900,0.907100,0.991100,1.032000,0.967400,0.974500,0.971200,0.932000,0.926100,0.915700,4.585000,3.688000,2.995000,2.291000,1.495000,0.871100,0.420000,0.168200,0.063940,0.086820,26.260000,26.770000,23.750000,18.920000,11.570000,6.791000,3.263000,1.254000,0.473700,0.636100,0
0.677800,8.922000,85.377700,0.684900,0.835300,0.931500,0.929600,0.935700,0.907000,0.879700,0.865100,0.853000,0.855800,4.124000,3.224000,2.461000,1.730000,0.971300,0.240800,0.030890,0.035510,0.041860,0.038100,22.600000,21.540000,18.340000,12.870000,7.271000,1.747000,0.217400,0.245700,0.285700,0.260900,0
0.700000,8.527000,67.508510,0.518700,0.646100,0.717000,0.756000,0.768600,0.747800,0.730800,0.725600,0.718800,0.711300,4.150000,3.418000,2.533000,1.674000,0.965400,0.269100,0.014730,0.012690,0.014480,0.031540,17.220000,17.670000,14.530000,10.120000,5.936000,1.610000,0.086090,0.073640,0.083280,0.179500,0
0.500000,7.042000,494.640000,1.032000,1.640000,1.549000,1.577000,1.549000,1.551000,1.555000,1.475000,1.327000,1.275000,7.382000,6.253000,5.297000,4.811000,4.329000,3.830000,3.304000,2.914000,2.460000,2.214000,60.970000,82.010000,65.620000,60.690000,53.660000,47.520000,41.100000,34.380000,26.110000,22.580000,3
0.522200,7.610000,433.710000,1.310000,1.519000,1.531000,1.650000,1.554000,1.479000,1.474000,1.409000,1.356000,1.250000,6.610000,5.505000,4.921000,4.354000,3.726000,3.129000,2.649000,2.300000,2.017000,1.737000,69.280000,66.920000,60.260000,57.470000,46.340000,37.020000,31.240000,25.930000,21.890000,17.360000,2
0.544400,7.365000,391.630000,1.045000,1.366000,1.484000,1.591000,1.629000,1.521000,1.433000,1.352000,1.325000,1.285000,6.683000,5.471000,4.784000,4.384000,3.556000,2.875000,2.385000,1.989000,1.706000,1.468000,55.870000,59.810000,56.790000,55.810000,46.340000,34.980000,27.340000,21.510000,18.090000,15.090000,2
0.566700,7.115000,346.160000,0.770300,1.206000,1.360000,1.448000,1.540000,1.483000,1.444000,1.377000,1.345000,1.304000,6.606000,5.705000,4.750000,4.180000,3.423000,2.782000,2.433000,1.822000,1.398000,1.143000,40.710000,55.030000,51.690000,48.420000,42.160000,33.000000,28.110000,20.070000,15.050000,11.920000,2
0.588900,7.808000,273.649000,0.953600,1.238000,1.338000,1.377000,1.429000,1.317000,1.323000,1.311000,1.234000,1.177000,5.760000,4.795000,4.124000,3.583000,2.741000,2.085000,1.577000,1.268000,0.893900,0.688600,43.950000,47.480000,44.150000,39.480000,31.330000,21.960000,16.690000,13.300000,8.826000,6.483000,1
0.611100,7.505000,234.389000,0.704800,0.989600,1.220000,1.293000,1.342000,1.347000,1.300000,1.285000,1.228000,1.157000,5.661000,5.041000,4.126000,3.432000,2.867000,2.049000,1.420000,0.995500,0.576500,0.351500,31.920000,39.910000,40.280000,35.500000,30.770000,22.080000,14.770000,10.240000,5.665000,3.254000,1
0.633300,8.172000,177.048000,0.769700,1.008000,1.228000,1.162000,1.170000,1.220000,1.178000,1.130000,1.058000,1.040000,5.047000,4.370000,3.566000,2.733000,2.017000,1.408000,0.944200,0.524700,0.272400,0.209500,31.080000,35.240000,35.040000,25.390000,18.870000,13.740000,8.895000,4.744000,2.306000,1.743000,0
0.655600,7.784000,144.374000,0.631000,0.792000,0.994400,1.074000,1.097000,1.081000,1.039000,1.032000,0.971700,0.934800,5.125000,4.427000,3.608000,2.827000,1.970000,1.195000,0.628800,0.217700,0.155800,0.215300,25.870000,28.050000,28.700000,24.290000,17.290000,10.330000,5.226000,1.797000,1.211000,1.610000,0
0.677800,8.560000,96.897300,0.618300,0.812600,0.925600,0.989800,0.979900,0.958300,0.936300,0.937900,0.912900,0.907300,4.362000,3.654000,2.871000,1.960000,1.176000,0.524500,0.053560,0.028790,0.053960,0.073710,21.580000,23.750000,21.260000,15.520000,9.220000,4.021000,0.401200,0.216100,0.394000,0.535000,0
0.700000,8.989000,64.049100,0.594100,0.721000,0.800100,0.810400,0.814600,0.795200,0.785100,0.759200,0.749000,0.733100,3.829000,3.096000,2.254000,1.336000,0.573700,0.055350,0.016900,0.026890,0.040200,0.052610,18.200000,17.850000,14.430000,8.659000,3.739000,0.352100,0.106200,0.163300,0.240900,0.308600,0
0.500000,6.975000,513.010000,1.064000,1.687000,1.569000,1.678000,1.704000,1.554000,1.532000,1.391000,1.349000,1.277000,7.622000,6.485000,5.571000,4.872000,4.351000,3.748000,3.305000,2.806000,2.420000,2.113000,64.850000,87.490000,69.910000,65.410000,59.310000,46.600000,40.520000,31.210000,26.110000,21.600000,3
0.522200,7.682000,430.850000,1.397000,1.544000,1.556000,1.637000,1.592000,1.557000,1.484000,1.379000,1.329000,1.192000,6.562000,5.767000,4.792000,4.141000,3.535000,3.110000,2.586000,2.163000,1.790000,1.580000,73.310000,71.250000,59.650000,54.240000,45.030000,38.720000,30.700000,23.860000,19.030000,15.060000,2
0.544400,7.386000,404.950000,1.099000,1.484000,1.490000,1.579000,1.500000,1.517000,1.444000,1.445000,1.382000,1.320000,6.829000,5.662000,4.968000,4.257000,3.569000,2.990000,2.429000,2.029000,1.726000,1.420000,60.060000,67.210000,59.230000,53.760000,42.820000,36.280000,28.060000,23.460000,19.080000,14.990000,2
0.566700,7.184000,357.500000,0.787500,1.314000,1.451000,1.507000,1.510000,1.517000,1.435000,1.355000,1.307000,1.222000,6.614000,5.806000,4.903000,4.214000,3.498000,2.765000,2.243000,1.694000,1.422000,1.254000,41.670000,61.050000,56.900000,50.820000,42.260000,33.560000,25.750000,18.370000,14.870000,12.250000,2
0.588900,7.878000,289.081000,1.046000,1.327000,1.364000,1.510000,1.465000,1.377000,1.345000,1.284000,1.238000,1.174000,5.957000,4.962000,4.104000,3.453000,2.808000,2.117000,1.559000,1.101000,0.813900,0.818800,49.830000,52.670000,44.790000,41.720000,32.910000,23.320000,16.780000,11.310000,8.061000,7.690000,2
0.611100,7.720000,243.448000,0.829700,1.143000,1.346000,1.406000,1.365000,1.334000,1.237000,1.211000,1.151000,1.068000,5.849000,4.886000,4.144000,3.314000,2.573000,1.871000,1.287000,0.841800,0.556200,0.465900,38.820000,44.680000,44.610000,37.280000,28.100000,19.960000,12.740000,8.154000,5.122000,3.982000,1
0.633300,8.461000,176.460000,0.909500,1.171000,1.297000,1.284000,1.286000,1.236000,1.178000,1.119000,1.061000,1.007000,4.906000,4.106000,3.460000,2.504000,1.799000,1.113000,0.518400,0.222700,0.203800,0.314200,35.700000,38.470000,35.910000,25.720000,18.510000,11.010000,4.885000,1.995000,1.729000,2.531000,1
0.655600,8.209000,141.384100,0.719500,0.941700,1.100000,1.085000,1.112000,1.100000,1.037000,0.996300,1.009000,0.987500,5.032000,4.088000,3.394000,2.570000,1.858000,1.005000,0.286900,0.058400,0.046290,0.106000,28.960000,30.800000,29.880000,22.310000,16.530000,8.847000,2.381000,0.465500,0.373500,0.837100,0
0.677800,8.657000,106.303300,0.680000,0.877500,1.043000,1.048000,1.067000,1.075000,1.022000,1.003000,0.984700,0.979800,4.412000,3.616000,2.737000,2.024000,1.282000,0.497100,0.065200,0.044540,0.060640,0.065090,24.000000,25.390000,22.850000,16.970000,10.940000,4.275000,0.532900,0.357500,0.477700,0.510200,0
0.700000,8.974000,71.842670,0.616600,0.770500,0.885900,0.887300,0.862400,0.859100,0.854600,0.834600,0.822100,0.802800,3.896000,3.126000,2.426000,1.499000,0.626900,0.065870,0.013800,0.016190,0.033380,0.050300,19.220000,19.270000,17.190000,10.640000,4.325000,0.452700,0.094370,0.108100,0.219500,0.323000,0
0.500000,7.663000,499.030000,1.616000,1.677000,1.529000,1.782000,1.791000,1.574000,1.511000,1.447000,1.465000,1.330000,6.862000,5.690000,4.975000,4.540000,3.926000,3.338000,2.864000,2.527000,2.202000,1.923000,88.720000,76.320000,60.850000,64.730000,56.250000,42.040000,34.610000,29.240000,25.810000,20.460000,3
0.522200,7.363000,482.340000,1.272000,1.667000,1.552000,1.718000,1.717000,1.605000,1.571000,1.548000,1.452000,1.380000,6.967000,6.095000,5.035000,4.595000,3.886000,3.318000,2.797000,2.351000,2.053000,1.845000,70.920000,81.290000,62.530000,63.160000,53.370000,42.590000,35.150000,29.110000,23.850000,20.370000,3
0.544400,7.921000,392.390000,1.437000,1.474000,1.511000,1.615000,1.657000,1.643000,1.573000,1.514000,1.436000,1.370000,6.181000,5.161000,4.472000,3.847000,3.176000,2.715000,2.197000,1.750000,1.413000,1.267000,71.050000,60.850000,54.040000,49.680000,42.100000,35.680000,27.650000,21.210000,16.240000,13.890000,2
0.566700,7.518000,349.290000,1.027000,1.403000,1.519000,1.484000,1.450000,1.484000,1.410000,1.430000,1.382000,1.287000,6.414000,5.404000,4.554000,3.884000,3.134000,2.593000,2.090000,1.645000,1.253000,1.080000,52.710000,60.630000,55.340000,46.100000,36.350000,30.790000,23.590000,18.820000,13.850000,11.110000,2
0.588900,8.139000,283.338000,1.175000,1.300000,1.462000,1.443000,1.432000,1.422000,1.378000,1.270000,1.246000,1.175000,5.820000,4.776000,4.068000,3.229000,2.547000,2.009000,1.515000,1.011000,0.799800,0.755900,54.720000,49.690000,47.590000,37.260000,29.180000,22.850000,16.700000,10.270000,7.972000,7.106000,2
0.611100,7.794000,245.915000,0.885300,1.128000,1.318000,1.401000,1.396000,1.388000,1.280000,1.263000,1.177000,1.178000,5.819000,4.866000,3.975000,3.241000,2.591000,1.871000,1.327000,0.943200,0.609200,0.423300,41.220000,43.900000,41.900000,36.330000,28.940000,20.780000,13.590000,9.530000,5.735000,3.990000,1
0.633300,8.366000,178.632000,0.917300,1.104000,1.268000,1.325000,1.299000,1.244000,1.179000,1.084000,1.024000,1.009000,4.983000,4.195000,3.321000,2.686000,1.841000,1.122000,0.595100,0.332000,0.263000,0.238300,36.570000,37.030000,33.700000,28.470000,19.120000,11.170000,5.615000,2.879000,2.154000,1.924000,1
0.655600,7.869000,153.657700,0.678000,0.903100,1.075000,1.147000,1.200000,1.192000,1.119000,1.075000,1.021000,0.979400,5.266000,4.380000,3.621000,2.625000,1.872000,1.255000,0.571000,0.174400,0.129900,0.076920,28.570000,31.640000,31.150000,24.080000,17.970000,11.970000,5.113000,1.500000,1.062000,0.602700,0
0.677800,8.323000,110.519600,0.655800,0.826800,0.918700,1.015000,0.971600,0.974700,0.989400,0.959200,0.934900,0.926700,4.713000,3.811000,3.092000,2.196000,1.388000,0.746800,0.212900,0.046270,0.088450,0.093750,24.730000,25.210000,22.730000,17.840000,10.790000,5.823000,1.685000,0.355100,0.661500,0.695000,0
0.700000,9.101000,68.825790,0.695200,0.812500,0.829700,0.850700,0.825400,0.828600,0.818600,0.800700,0.789500,0.795900,3.953000,3.082000,2.141000,1.262000,0.490900,0.014030,0.015600,0.026990,0.035920,0.027140,21.990000,20.030000,14.210000,8.586000,3.242000,0.092990,0.102200,0.172900,0.226900,0.172800,0
0.500000,6.740000,544.270000,0.945700,1.692000,1.733000,1.651000,1.756000,1.744000,1.626000,1.510000,1.461000,1.413000,7.852000,6.725000,5.576000,5.035000,4.388000,3.987000,3.367000,2.905000,2.487000,2.200000,59.400000,91.010000,77.300000,66.500000,61.640000,55.610000,43.780000,35.090000,29.070000,24.870000,3
0.522200,7.342000,481.200000,1.271000,1.666000,1.618000,1.674000,1.683000,1.617000,1.616000,1.502000,1.433000,1.359000,7.017000,5.988000,5.200000,4.570000,3.906000,3.230000,2.840000,2.383000,1.976000,1.766000,71.350000,79.790000,67.300000,61.200000,52.600000,41.780000,36.720000,28.630000,22.640000,19.190000,3
0.544400,7.792000,409.150000,1.405000,1.646000,1.604000,1.677000,1.602000,1.568000,1.487000,1.432000,1.414000,1.287000,6.443000,5.325000,4.737000,3.987000,3.282000,2.684000,2.210000,1.840000,1.444000,1.254000,72.410000,70.120000,60.800000,53.490000,42.050000,33.670000,26.290000,21.080000,16.330000,12.910000,2
0.566700,7.414000,367.200000,1.100000,1.383000,1.494000,1.633000,1.529000,1.521000,1.521000,1.419000,1.359000,1.289000,6.584000,5.529000,4.672000,4.086000,3.293000,2.578000,2.028000,1.615000,1.240000,1.040000,57.930000,61.180000,55.860000,53.380000,40.280000,31.380000,24.670000,18.320000,13.480000,10.720000,2
0.588900,7.977000,295.361000,1.108000,1.286000,1.445000,1.532000,1.464000,1.459000,1.448000,1.417000,1.364000,1.295000,5.683000,4.961000,4.213000,3.461000,2.711000,2.010000,1.490000,1.149000,0.882800,0.738500,50.390000,51.050000,48.710000,42.430000,31.750000,23.470000,17.260000,13.020000,9.630000,7.651000,2
0.611100,7.672000,250.071000,0.890200,1.081000,1.283000,1.397000,1.399000,1.368000,1.352000,1.317000,1.248000,1.194000,6.009000,4.872000,4.175000,3.288000,2.583000,1.846000,1.227000,0.893100,0.762800,0.636900,42.800000,42.150000,42.870000,36.760000,28.910000,20.200000,13.280000,9.406000,7.613000,6.082000,1
0.633300,8.333000,188.703000,0.937500,1.126000,1.272000,1.276000,1.328000,1.300000,1.256000,1.197000,1.134000,1.115000,5.099000,4.335000,3.458000,2.641000,1.936000,1.204000,0.677300,0.485000,0.339500,0.184400,38.240000,39.060000,35.180000,26.960000,20.570000,12.520000,6.805000,4.643000,3.081000,1.644000,2
0.655600,7.984000,162.796000,0.725400,0.934800,1.070000,1.219000,1.255000,1.216000,1.179000,1.147000,1.062000,1.055000,5.287000,4.299000,3.659000,2.774000,1.836000,1.208000,0.658800,0.242300,0.193700,0.157800,30.680000,32.140000,31.310000,27.060000,18.440000,11.750000,6.216000,2.223000,1.645000,1.332000,0
0.677800,8.527000,115.442500,0.724200,0.911800,1.018000,1.075000,1.098000,1.075000,1.066000,1.018000,1.011000,0.982400,4.545000,3.706000,3.075000,2.033000,1.293000,0.660800,0.118100,0.035900,0.045350,0.105900,26.330000,27.040000,25.050000,17.480000,11.360000,5.684000,1.007000,0.292400,0.366800,0.832300,0
0.700000,8.790000,80.726700,0.672000,0.848200,0.884100,0.860100,0.872300,0.879400,0.859700,0.852700,0.848000,0.833400,4.185000,3.374000,2.439000,1.625000,0.772400,0.107700,0.039290,0.021830,0.018210,0.030920,22.500000,22.900000,17.250000,11.180000,5.390000,0.758000,0.270200,0.148900,0.123500,0.206100,0
0.500000,7.825000,360.620000,1.185000,1.235000,1.246000,1.277000,1.199000,1.186000,1.155000,1.129000,1.078000,1.038000,6.164000,5.355000,4.770000,4.226000,3.799000,3.384000,2.938000,2.677000,2.388000,2.184000,58.410000,52.900000,47.550000,43.160000,36.430000,32.100000,27.150000,24.180000,20.610000,18.130000,2
0.522200,7.562000,328.900000,0.944200,1.170000,1.202000,1.251000,1.206000,1.139000,1.180000,1.130000,1.088000,1.032000,6.434000,5.334000,4.734000,4.096000,3.624000,3.112000,2.759000,2.372000,2.060000,1.833000,48.600000,49.940000,45.520000,40.980000,34.960000,28.350000,26.040000,21.450000,17.930000,15.130000,2
0.544400,8.193000,269.320000,1.014000,1.120000,1.165000,1.181000,1.129000,1.100000,1.085000,1.108000,1.061000,1.027000,5.571000,4.771000,4.189000,3.598000,3.037000,2.550000,2.108000,1.797000,1.578000,1.321000,45.180000,42.740000,39.040000,33.990000,27.430000,22.450000,18.300000,15.940000,13.400000,10.850000,1
0.566700,8.135000,229.293000,0.886700,1.042000,1.085000,1.129000,1.088000,1.066000,1.037000,1.042000,1.008000,0.979100,5.455000,4.632000,3.998000,3.357000,2.715000,2.239000,1.846000,1.491000,1.162000,0.907900,38.700000,38.630000,34.690000,30.320000,23.620000,19.100000,15.320000,12.440000,9.362000,7.111000,1
0.588900,7.872000,198.176000,0.702800,0.918100,1.023000,1.061000,1.095000,1.063000,1.004000,0.983400,0.928100,0.899500,5.639000,4.648000,3.915000,3.291000,2.632000,2.062000,1.530000,1.109000,0.819500,0.651000,31.700000,34.140000,32.040000,27.920000,23.050000,17.540000,12.290000,8.727000,6.084000,4.685000,1
0.611100,8.749000,140.505000,0.782400,0.938000,0.988200,0.995700,0.976600,0.953100,0.915200,0.895600,0.866300,0.819400,4.590000,3.887000,3.150000,2.565000,1.879000,1.299000,0.809100,0.460500,0.274800,0.238400,28.730000,29.170000,24.900000,20.430000,14.680000,9.905000,5.924000,3.299000,1.904000,1.563000,0
0.633300,8.658000,112.903500,0.655400,0.812500,0.901700,0.890200,0.880200,0.893900,0.888400,0.852500,0.814700,0.783100,4.532000,3.700000,3.035000,2.322000,1.665000,1.074000,0.556600,0.209500,0.140200,0.153800,23.760000,24.050000,21.890000,16.530000,11.730000,7.681000,3.956000,1.429000,0.913800,0.963700,0
0.655600,8.330000,89.745500,0.522600,0.635700,0.749400,0.807000,0.789500,0.811500,0.789000,0.765500,0.755300,0.737500,4.510000,3.744000,3.021000,2.325000,1.547000,0.875700,0.346100,0.056570,0.053310,0.071190,18.860000,19.040000,18.110000,15.010000,9.769000,5.684000,2.184000,0.346400,0.322100,0.420000,0
0.677800,9.008000,58.170540,0.497800,0.612200,0.659700,0.672800,0.700300,0.684700,0.672200,0.662400,0.653900,0.650500,3.888000,3.061000,2.317000,1.605000,0.868600,0.271000,0.014210,0.026790,0.024710,0.025900,15.480000,14.990000,12.230000,8.637000,4.866000,1.485000,0.076440,0.142000,0.129300,0.134800,0
0.700000,9.045000,41.648150,0.416700,0.488700,0.546800,0.546700,0.559000,0.554700,0.552500,0.548000,0.543600,0.537800,3.628000,2.845000,2.036000,1.371000,0.694100,0.056630,0.008099,0.008178,0.008536,0.014200,12.100000,11.120000,8.907000,5.996000,3.104000,0.251300,0.035800,0.035850,0.037120,0.061080,0
0.500000,7.845000,382.130000,1.225000,1.335000,1.322000,1.367000,1.255000,1.253000,1.197000,1.110000,1.075000,1.068000,6.231000,5.413000,4.904000,4.310000,3.836000,3.414000,3.049000,2.700000,2.322000,2.144000,61.090000,57.820000,51.860000,47.130000,38.520000,34.240000,29.200000,23.970000,19.980000,18.320000,2
0.522200,7.499000,347.970000,0.980100,1.213000,1.289000,1.350000,1.280000,1.163000,1.177000,1.191000,1.122000,1.102000,6.556000,5.430000,4.759000,4.269000,3.697000,3.036000,2.765000,2.361000,2.056000,1.765000,51.410000,52.680000,49.080000,46.110000,37.870000,28.260000,26.040000,22.500000,18.460000,15.560000,2
0.544400,7.417000,308.930000,0.839700,1.158000,1.167000,1.271000,1.270000,1.175000,1.130000,1.108000,1.067000,1.081000,6.450000,5.391000,4.609000,4.059000,3.576000,2.974000,2.484000,2.021000,1.738000,1.374000,43.330000,49.930000,43.030000,41.270000,36.340000,27.950000,22.460000,17.910000,14.830000,11.880000,1
0.566700,8.264000,243.006000,0.985800,1.123000,1.183000,1.192000,1.223000,1.131000,1.124000,1.099000,1.059000,1.020000,5.336000,4.563000,3.912000,3.336000,2.716000,2.173000,1.744000,1.378000,1.093000,0.957400,42.080000,40.980000,37.020000,31.810000,26.580000,19.670000,15.680000,12.110000,9.260000,7.816000,1
0.588900,7.993000,208.519000,0.807600,0.942000,1.059000,1.129000,1.111000,1.136000,1.081000,1.078000,1.054000,1.017000,5.473000,4.535000,3.905000,3.341000,2.680000,1.948000,1.478000,1.081000,0.803800,0.654100,35.360000,34.170000,33.080000,30.190000,23.810000,17.700000,12.780000,9.324000,6.781000,5.324000,1
0.611100,7.851000,174.604000,0.658600,0.858600,0.998900,1.017000,1.043000,1.039000,1.003000,1.005000,0.963600,0.907100,5.490000,4.508000,3.705000,3.062000,2.469000,1.807000,1.300000,0.880800,0.555200,0.386300,28.920000,30.970000,29.600000,24.900000,20.600000,15.020000,10.430000,7.081000,4.280000,2.803000,0
0.633300,8.705000,118.408400,0.716800,0.852100,0.936300,0.959400,0.973200,0.920200,0.890600,0.863000,0.830600,0.802100,4.545000,3.642000,2.935000,2.319000,1.700000,1.097000,0.574400,0.187000,0.084850,0.077390,26.060000,24.820000,21.980000,17.800000,13.230000,8.075000,4.092000,1.291000,0.563800,0.496600,0
0.655600,8.235000,100.392900,0.549100,0.687400,0.798400,0.845700,0.840800,0.858000,0.835100,0.815700,0.792900,0.777600,4.694000,3.874000,3.142000,2.369000,1.637000,1.023000,0.470500,0.075750,0.048770,0.065320,20.620000,21.300000,20.060000,16.030000,11.010000,7.019000,3.144000,0.494300,0.309300,0.406300,0
0.677800,9.129000,62.540000,0.566000,0.684600,0.721200,0.765600,0.760000,0.739700,0.720400,0.699500,0.691200,0.680500,3.784000,3.029000,2.276000,1.524000,0.788700,0.175100,0.017140,0.017410,0.024630,0.034820,17.130000,16.590000,13.130000,9.336000,4.796000,1.036000,0.098790,0.097410,0.136200,0.189600,0
0.700000,9.424000,41.825340,0.477900,0.591600,0.615600,0.619300,0.603700,0.607200,0.607400,0.604500,0.600100,0.593800,3.409000,2.686000,1.865000,1.049000,0.282800,0.015710,0.010180,0.009207,0.016610,0.016700,13.040000,12.710000,9.184000,5.197000,1.365000,0.076320,0.049450,0.044530,0.079720,0.079320,0
0.500000,6.919000,440.630000,0.871300,1.415000,1.402000,1.394000,1.510000,1.426000,1.303000,1.331000,1.259000,1.158000,7.208000,6.164000,5.407000,4.777000,4.203000,3.753000,3.337000,2.997000,2.645000,2.135000,50.240000,69.780000,60.650000,53.250000,50.780000,42.820000,34.780000,31.920000,26.630000,19.780000,2
0.522200,7.532000,381.880000,1.096000,1.393000,1.337000,1.421000,1.322000,1.300000,1.291000,1.222000,1.211000,1.166000,6.465000,5.581000,4.879000,4.342000,3.740000,3.241000,2.703000,2.396000,2.036000,1.837000,56.670000,62.220000,52.170000,49.370000,39.550000,33.700000,27.920000,23.420000,19.720000,17.140000,2
0.544400,7.242000,338.350000,0.821700,1.199000,1.327000,1.332000,1.375000,1.321000,1.223000,1.205000,1.174000,1.132000,6.449000,5.551000,4.789000,4.141000,3.663000,3.071000,2.558000,2.115000,1.743000,1.457000,42.390000,53.260000,50.820000,44.130000,40.300000,32.470000,25.030000,20.380000,16.370000,13.200000,2
0.566700,7.993000,273.572000,1.003000,1.204000,1.261000,1.322000,1.245000,1.212000,1.202000,1.180000,1.137000,1.102000,5.573000,4.766000,4.202000,3.558000,2.949000,2.308000,1.769000,1.461000,1.213000,1.061000,44.700000,45.900000,42.400000,37.640000,29.370000,22.390000,17.000000,13.790000,11.030000,9.352000,1
0.588900,7.693000,235.373000,0.766900,1.008000,1.138000,1.247000,1.221000,1.184000,1.155000,1.171000,1.136000,1.057000,5.745000,4.795000,4.167000,3.509000,2.859000,2.122000,1.539000,1.175000,0.972400,0.759300,35.240000,38.670000,37.950000,35.010000,27.920000,20.100000,14.220000,11.000000,8.840000,6.423000,1
0.611100,7.552000,193.744000,0.612300,0.887600,1.060000,1.094000,1.086000,1.121000,1.095000,1.072000,1.040000,1.014000,5.558000,4.850000,4.033000,3.282000,2.567000,1.978000,1.389000,0.970100,0.622400,0.425500,27.230000,34.440000,34.210000,28.720000,22.300000,17.740000,12.160000,8.317000,5.176000,3.451000,1
0.633300,8.013000,140.578000,0.602000,0.837000,1.005000,1.027000,1.019000,1.033000,1.038000,0.980100,0.955300,0.914400,4.995000,4.166000,3.458000,2.793000,2.027000,1.289000,0.702000,0.331600,0.167600,0.137700,24.050000,27.890000,27.800000,22.940000,16.530000,10.650000,5.830000,2.600000,1.281000,1.007000,0
0.655600,8.632000,100.999500,0.639300,0.828900,0.957900,0.906900,0.924700,0.930700,0.907100,0.873200,0.864500,0.848400,4.329000,3.657000,2.854000,2.009000,1.314000,0.696400,0.232500,0.079310,0.064470,0.085540,22.140000,24.250000,21.870000,14.570000,9.717000,5.185000,1.687000,0.554000,0.445900,0.580600,0
0.677800,9.046000,67.569800,0.605700,0.745400,0.800600,0.795700,0.817600,0.795800,0.774800,0.762600,0.752400,0.740900,3.839000,2.987000,2.298000,1.501000,0.762900,0.191900,0.021860,0.028930,0.027450,0.032830,18.600000,17.810000,14.720000,9.556000,4.990000,1.222000,0.135500,0.176500,0.165200,0.194600,0
0.700000,8.558000,55.390110,0.428500,0.551500,0.633600,0.639600,0.673900,0.673500,0.669100,0.664800,0.658400,0.651700,3.836000,3.234000,2.488000,1.688000,0.932000,0.264100,0.007234,0.008317,0.015690,0.021010,13.150000,14.270000,12.610000,8.637000,5.025000,1.423000,0.038720,0.044230,0.082660,0.109500,0
0.500000,7.404000,457.480000,1.266000,1.582000,1.475000,1.637000,1.441000,1.447000,1.357000,1.328000,1.284000,1.211000,6.900000,5.754000,4.982000,4.613000,3.952000,3.569000,3.111000,2.787000,2.430000,2.097000,69.890000,72.830000,58.810000,60.400000,45.550000,41.320000,33.770000,29.620000,24.960000,20.330000,3
0.522200,7.012000,416.700000,0.874600,1.485000,1.410000,1.456000,1.492000,1.464000,1.351000,1.305000,1.219000,1.267000,7.006000,6.023000,5.198000,4.402000,3.937000,3.431000,2.956000,2.530000,2.179000,1.920000,49.020000,71.540000,58.620000,51.280000,46.980000,40.200000,31.940000,26.410000,21.240000,19.470000,2
0.544400,7.517000,355.380000,1.015000,1.391000,1.366000,1.439000,1.351000,1.330000,1.323000,1.309000,1.302000,1.223000,6.304000,5.421000,4.663000,4.013000,3.475000,2.953000,2.398000,1.989000,1.660000,1.460000,51.160000,60.320000,50.940000,46.200000,37.560000,31.410000,25.370000,20.830000,17.300000,14.290000,2
0.566700,8.094000,289.759000,1.143000,1.269000,1.363000,1.401000,1.334000,1.244000,1.265000,1.210000,1.180000,1.173000,5.651000,4.802000,4.091000,3.467000,2.776000,2.347000,1.848000,1.439000,1.127000,1.024000,51.690000,48.730000,44.620000,38.870000,29.620000,23.350000,18.700000,13.930000,10.640000,9.609000,2
0.588900,7.823000,250.125000,0.863900,1.205000,1.281000,1.260000,1.234000,1.244000,1.190000,1.189000,1.198000,1.139000,5.638000,4.857000,4.072000,3.406000,2.715000,2.035000,1.567000,1.158000,0.876500,0.755000,38.970000,46.820000,41.730000,34.350000,26.800000,20.250000,14.920000,11.010000,8.398000,6.877000,1
0.611100,8.423000,187.539000,0.924300,1.110000,1.246000,1.229000,1.167000,1.172000,1.129000,1.061000,1.038000,1.012000,4.981000,4.190000,3.425000,2.734000,1.981000,1.370000,0.865300,0.585300,0.531000,0.488700,36.830000,37.210000,34.140000,26.870000,18.490000,12.850000,7.815000,4.966000,4.410000,3.958000,1
0.633300,7.989000,159.962000,0.701200,0.953300,1.072000,1.126000,1.101000,1.138000,1.051000,1.015000,0.998900,0.954400,5.004000,4.319000,3.492000,2.697000,2.003000,1.430000,0.842600,0.397500,0.223100,0.255000,28.070000,32.940000,29.950000,24.300000,17.640000,13.020000,7.085000,3.227000,1.783000,1.947000,0
0.655600,7.766000,127.253300,0.542200,0.709600,0.977500,1.025000,1.038000,1.016000,0.997300,0.932300,0.910000,0.888900,4.850000,4.197000,3.606000,2.623000,1.871000,1.236000,0.619700,0.155500,0.051500,0.082040,21.040000,23.830000,28.200000,21.520000,15.550000,10.050000,4.945000,1.160000,0.374900,0.583400,0
0.677800,8.678000,83.140600,0.580500,0.768600,0.880400,0.903000,0.894900,0.898200,0.865800,0.855600,0.844900,0.831000,4.014000,3.455000,2.632000,1.818000,1.028000,0.436400,0.049870,0.022870,0.033200,0.055080,18.640000,21.240000,18.540000,13.130000,7.362000,3.136000,0.345400,0.156600,0.224400,0.366200,0
0.700000,8.189000,68.493960,0.421500,0.566900,0.702200,0.764200,0.782200,0.772500,0.748500,0.739900,0.725400,0.716000,4.044000,3.438000,2.859000,2.047000,1.188000,0.439400,0.035600,0.010050,0.017600,0.027790,13.640000,15.590000,16.060000,12.520000,7.434000,2.716000,0.213200,0.059460,0.102100,0.159200,0
0.500000,7.484000,468.610000,1.398000,1.623000,1.556000,1.566000,1.576000,1.500000,1.430000,1.342000,1.246000,1.222000,6.876000,5.772000,5.079000,4.400000,3.978000,3.445000,3.146000,2.684000,2.221000,2.043000,76.910000,74.950000,63.220000,55.120000,50.150000,41.350000,35.990000,28.810000,22.140000,19.970000,3
0.522200,7.118000,426.670000,0.988900,1.424000,1.417000,1.590000,1.558000,1.497000,1.472000,1.397000,1.287000,1.241000,7.027000,5.977000,5.030000,4.503000,3.789000,3.445000,2.902000,2.403000,2.029000,1.841000,55.600000,68.110000,57.020000,57.290000,47.220000,41.240000,34.170000,26.850000,20.890000,18.280000,2
0.544400,7.749000,365.940000,1.215000,1.419000,1.445000,1.518000,1.479000,1.405000,1.338000,1.317000,1.202000,1.158000,6.127000,5.308000,4.557000,3.953000,3.326000,2.871000,2.457000,1.997000,1.556000,1.240000,59.570000,60.260000,52.680000,47.990000,39.360000,32.280000,26.300000,21.050000,14.960000,11.490000,2
0.566700,7.402000,330.813000,0.937600,1.258000,1.376000,1.508000,1.422000,1.391000,1.336000,1.291000,1.208000,1.162000,6.437000,5.296000,4.558000,3.863000,3.323000,2.714000,2.256000,1.752000,1.296000,1.046000,48.290000,53.320000,50.160000,46.600000,37.800000,30.190000,24.110000,18.100000,12.520000,9.723000,2
0.588900,8.111000,264.029000,1.098000,1.214000,1.350000,1.362000,1.388000,1.372000,1.313000,1.259000,1.187000,1.099000,5.512000,4.560000,3.866000,3.186000,2.599000,2.055000,1.615000,1.175000,0.896500,0.700000,48.390000,44.290000,41.760000,34.710000,28.850000,22.550000,16.970000,11.840000,8.515000,6.154000,1
0.611100,7.846000,219.861000,0.863600,1.081000,1.268000,1.310000,1.340000,1.372000,1.326000,1.235000,1.196000,1.096000,5.592000,4.575000,3.839000,3.020000,2.297000,1.727000,1.240000,0.744600,0.411400,0.348000,38.630000,39.560000,38.930000,31.640000,24.630000,18.970000,13.160000,7.354000,3.937000,3.050000,1
0.633300,7.593000,180.092000,0.675300,0.928000,1.136000,1.136000,1.183000,1.142000,1.143000,1.096000,1.032000,1.007000,5.529000,4.739000,3.756000,3.108000,2.258000,1.641000,1.039000,0.459600,0.184500,0.156300,29.870000,35.180000,34.120000,28.240000,21.370000,15.000000,9.498000,4.031000,1.523000,1.260000,0
0.655600,8.445000,127.388400,0.756400,0.966600,1.044000,1.090000,1.085000,1.084000,1.012000,0.980500,0.963900,0.952500,4.699000,3.847000,2.884000,2.193000,1.593000,0.917100,0.350200,0.085720,0.038690,0.055600,28.440000,29.750000,24.090000,19.110000,13.820000,7.950000,2.834000,0.672400,0.298400,0.423600,0
0.677800,7.989000,104.682800,0.553500,0.716600,0.885400,0.980400,1.001000,0.968400,0.890600,0.840500,0.830800,0.823800,4.590000,4.016000,3.316000,2.310000,1.541000,0.766800,0.100600,0.041170,0.033460,0.034420,20.320000,23.020000,23.490000,18.120000,12.350000,5.940000,0.716800,0.276800,0.222400,0.226800,0
0.700000,9.151000,59.610440,0.620400,0.725500,0.817000,0.842900,0.842700,0.804800,0.790700,0.780900,0.765800,0.761400,3.650000,2.823000,2.029000,1.227000,0.438600,0.033360,0.016510,0.020000,0.015730,0.013130,18.120000,16.380000,13.260000,8.273000,2.957000,0.214800,0.104400,0.124900,0.096390,0.079950,0
0.500000,6.919000,508.360000,1.015000,1.660000,1.617000,1.648000,1.753000,1.541000,1.548000,1.402000,1.372000,1.313000,7.539000,6.468000,5.494000,4.847000,4.335000,3.705000,3.291000,2.758000,2.393000,2.078000,61.240000,85.920000,71.060000,63.920000,60.780000,45.680000,40.760000,30.930000,26.250000,21.820000,3
0.522200,7.709000,436.150000,1.385000,1.538000,1.659000,1.674000,1.524000,1.490000,1.482000,1.389000,1.281000,1.189000,6.329000,5.550000,4.815000,4.263000,3.673000,3.121000,2.742000,2.369000,1.920000,1.704000,70.130000,68.300000,63.920000,57.090000,44.790000,37.210000,32.500000,26.320000,19.680000,16.210000,3
0.544400,7.597000,386.710000,1.136000,1.399000,1.537000,1.611000,1.581000,1.532000,1.454000,1.427000,1.323000,1.281000,6.401000,5.321000,4.644000,4.011000,3.332000,2.881000,2.460000,2.015000,1.616000,1.369000,58.150000,59.560000,57.110000,51.690000,42.140000,35.310000,28.610000,23.000000,17.110000,14.030000,2
0.566700,7.233000,349.930000,0.855100,1.301000,1.391000,1.510000,1.477000,1.444000,1.452000,1.397000,1.355000,1.286000,6.444000,5.586000,4.798000,4.093000,3.479000,2.840000,2.198000,1.651000,1.419000,1.129000,44.090000,58.140000,53.380000,49.430000,41.110000,32.810000,25.530000,18.450000,15.380000,11.610000,2
0.588900,7.950000,273.868000,1.032000,1.201000,1.318000,1.466000,1.451000,1.359000,1.310000,1.282000,1.269000,1.184000,5.630000,4.740000,4.090000,3.315000,2.606000,1.997000,1.553000,1.265000,1.030000,0.865500,46.480000,45.540000,43.130000,38.870000,30.240000,21.700000,16.280000,12.980000,10.450000,8.198000,1
0.611100,7.610000,232.485000,0.791800,1.064000,1.234000,1.316000,1.352000,1.398000,1.315000,1.237000,1.193000,1.170000,5.716000,4.726000,4.043000,3.437000,2.623000,2.003000,1.317000,0.737000,0.467000,0.379900,36.210000,40.240000,39.930000,36.170000,28.370000,22.400000,13.860000,7.292000,4.457000,3.556000,1
0.633300,8.417000,166.963000,0.908200,1.037000,1.164000,1.265000,1.228000,1.206000,1.196000,1.108000,1.053000,1.009000,4.850000,3.933000,3.360000,2.562000,1.694000,1.174000,0.732500,0.356800,0.238500,0.212300,35.240000,32.630000,31.280000,25.940000,16.650000,11.330000,7.007000,3.163000,2.010000,1.713000,0
0.655600,8.003000,140.685600,0.665800,0.901200,1.060000,1.078000,1.109000,1.123000,1.095000,1.022000,0.997900,0.981700,4.963000,4.106000,3.376000,2.425000,1.760000,1.200000,0.634600,0.216700,0.104900,0.068240,26.430000,29.600000,28.630000,20.920000,15.620000,10.780000,5.560000,1.772000,0.837700,0.535900,0
0.677800,7.821000,111.670700,0.572100,0.711100,0.872000,0.940700,0.937500,0.965300,0.981700,0.920400,0.890700,0.882600,4.792000,4.131000,3.380000,2.460000,1.552000,0.955400,0.468100,0.102300,0.048090,0.049680,21.930000,23.500000,23.580000,18.520000,11.640000,7.378000,3.676000,0.753200,0.342700,0.350800,0
0.700000,8.776000,67.577600,0.557900,0.710700,0.797300,0.823800,0.798700,0.783500,0.747000,0.738400,0.729000,0.717200,3.816000,3.088000,2.417000,1.591000,0.848500,0.180300,0.022480,0.017940,0.025250,0.027540,17.030000,17.560000,15.410000,10.480000,5.422000,1.130000,0.134300,0.106000,0.147300,0.158000,0
0.500000,7.532000,507.860000,1.529000,1.716000,1.633000,1.666000,1.681000,1.590000,1.503000,1.427000,1.379000,1.294000,6.886000,5.857000,5.253000,4.543000,4.034000,3.506000,3.074000,2.707000,2.377000,2.035000,84.230000,80.420000,68.640000,60.560000,54.260000,44.610000,36.950000,30.910000,26.220000,21.060000,3
0.522200,7.141000,466.500000,1.134000,1.584000,1.616000,1.625000,1.654000,1.599000,1.447000,1.395000,1.318000,1.283000,7.037000,5.888000,5.228000,4.618000,4.068000,3.554000,2.985000,2.442000,1.982000,1.792000,63.840000,74.630000,67.570000,60.040000,53.830000,45.480000,34.560000,27.250000,20.900000,18.400000,3
0.544400,7.699000,395.900000,1.341000,1.491000,1.527000,1.582000,1.623000,1.570000,1.495000,1.394000,1.319000,1.276000,6.348000,5.443000,4.566000,4.037000,3.479000,2.749000,2.209000,1.859000,1.462000,1.343000,68.120000,64.920000,55.780000,51.080000,45.170000,34.530000,26.420000,20.740000,15.430000,13.710000,2
0.566700,7.332000,358.590000,0.951200,1.384000,1.413000,1.545000,1.527000,1.531000,1.438000,1.455000,1.412000,1.369000,6.450000,5.454000,4.737000,3.996000,3.266000,2.654000,2.065000,1.739000,1.398000,1.278000,49.080000,60.370000,53.560000,49.400000,39.890000,32.500000,23.760000,20.240000,15.790000,14.000000,2
0.588900,7.926000,288.374000,1.105000,1.295000,1.422000,1.393000,1.476000,1.517000,1.447000,1.398000,1.331000,1.236000,5.727000,4.676000,4.087000,3.267000,2.624000,2.096000,1.643000,1.182000,0.909700,0.817500,50.630000,48.440000,46.480000,36.410000,30.980000,25.430000,19.010000,13.220000,9.690000,8.084000,2
0.611100,7.529000,241.152000,0.752900,1.056000,1.314000,1.334000,1.319000,1.311000,1.299000,1.277000,1.232000,1.182000,5.796000,4.963000,4.134000,3.416000,2.722000,2.001000,1.467000,0.909500,0.583800,0.463800,34.910000,41.930000,43.470000,36.450000,28.730000,20.980000,15.250000,9.292000,5.753000,4.387000,1
0.633300,8.125000,181.140000,0.887600,1.151000,1.225000,1.192000,1.201000,1.226000,1.216000,1.168000,1.113000,1.073000,5.175000,4.201000,3.457000,2.792000,1.989000,1.320000,0.727300,0.302600,0.181000,0.193300,36.750000,38.670000,33.880000,26.620000,19.110000,12.940000,7.073000,2.828000,1.611000,1.658000,1
0.655600,7.822000,157.878100,0.696700,0.910300,1.167000,1.185000,1.203000,1.110000,1.110000,1.060000,1.051000,1.001000,5.201000,4.445000,3.471000,2.715000,1.979000,1.212000,0.605000,0.168700,0.075920,0.138200,28.990000,32.370000,32.420000,25.740000,19.040000,10.770000,5.373000,1.430000,0.638100,1.107000,0
0.677800,8.566000,101.054100,0.687600,0.883700,1.037000,1.047000,1.028000,1.024000,1.006000,0.996800,0.991100,0.959200,4.386000,3.656000,2.787000,1.767000,0.920400,0.433400,0.098110,0.071420,0.038980,0.050050,24.120000,25.850000,23.110000,14.800000,7.572000,3.550000,0.789400,0.569500,0.309100,0.384100,0
0.700000,9.020000,71.893700,0.678400,0.845900,0.895000,0.926300,0.932300,0.910100,0.920200,0.905500,0.894400,0.881200,3.743000,3.091000,2.251000,1.292000,0.500100,0.054650,0.019440,0.019660,0.037160,0.040060,20.320000,20.920000,16.120000,9.572000,3.730000,0.397900,0.143100,0.142400,0.265900,0.282400,0
0.500000,7.267000,536.270000,1.398000,1.817000,1.682000,1.671000,1.752000,1.693000,1.561000,1.515000,1.457000,1.365000,7.322000,6.116000,5.273000,4.674000,4.144000,3.603000,3.218000,2.767000,2.419000,2.123000,81.900000,88.910000,70.980000,62.470000,58.070000,48.810000,40.200000,33.530000,28.200000,23.200000,3
0.522200,6.925000,504.930000,1.002000,1.738000,1.726000,1.679000,1.691000,1.738000,1.683000,1.550000,1.455000,1.425000,7.376000,6.373000,5.543000,4.648000,4.017000,3.493000,2.861000,2.415000,2.178000,1.891000,59.120000,88.600000,76.550000,62.420000,54.320000,48.550000,38.520000,29.950000,25.350000,21.550000,3
0.544400,7.523000,419.290000,1.263000,1.641000,1.499000,1.621000,1.599000,1.512000,1.528000,1.445000,1.373000,1.299000,6.688000,5.604000,4.916000,4.242000,3.508000,2.896000,2.479000,1.970000,1.591000,1.319000,67.600000,73.560000,58.960000,55.000000,44.880000,35.040000,30.300000,22.770000,17.470000,13.710000,2
0.566700,7.123000,376.030000,0.861000,1.366000,1.505000,1.511000,1.514000,1.445000,1.422000,1.458000,1.439000,1.353000,6.716000,5.880000,4.999000,4.199000,3.562000,2.889000,2.185000,1.859000,1.569000,1.242000,46.260000,64.260000,60.190000,50.740000,43.150000,33.390000,24.850000,21.680000,18.060000,13.450000,2
0.588900,7.829000,303.008000,1.101000,1.414000,1.517000,1.485000,1.483000,1.509000,1.485000,1.405000,1.354000,1.331000,5.977000,4.834000,4.166000,3.477000,2.697000,2.135000,1.614000,1.052000,0.729500,0.672400,52.630000,54.680000,50.570000,41.300000,32.000000,25.770000,19.170000,11.830000,7.900000,7.158000,2
0.611100,8.298000,240.390000,1.058000,1.312000,1.429000,1.502000,1.517000,1.408000,1.352000,1.270000,1.167000,1.106000,5.343000,4.438000,3.694000,2.956000,2.220000,1.518000,0.974800,0.656700,0.549500,0.499600,45.240000,46.600000,42.220000,35.530000,26.940000,17.100000,10.540000,6.670000,5.128000,4.422000,1
0.633300,7.964000,200.386000,0.837500,1.122000,1.328000,1.371000,1.361000,1.345000,1.275000,1.267000,1.216000,1.159000,5.322000,4.557000,3.610000,2.932000,1.950000,1.250000,0.780300,0.418200,0.296000,0.383600,35.660000,40.920000,38.340000,32.150000,21.230000,13.450000,7.961000,4.240000,2.879000,3.556000,1
0.655600,8.527000,143.194500,0.835400,1.092000,1.224000,1.146000,1.171000,1.148000,1.084000,1.078000,1.030000,1.010000,4.737000,3.998000,3.056000,2.238000,1.481000,0.769800,0.267300,0.128300,0.096250,0.121700,31.660000,34.930000,29.930000,20.520000,13.880000,7.072000,2.319000,1.107000,0.792900,0.983600,0
0.677800,8.541000,116.822700,0.744600,0.924400,1.096000,1.153000,1.138000,1.106000,1.054000,1.046000,1.035000,1.031000,4.486000,3.821000,2.773000,2.042000,1.251000,0.570000,0.114600,0.051200,0.052170,0.052530,26.720000,28.260000,24.310000,18.840000,11.390000,5.043000,0.966200,0.428600,0.431800,0.433100,0
0.700000,8.395000,88.656400,0.577300,0.764600,0.883100,0.956600,0.958200,0.946900,0.920700,0.907900,0.910100,0.893400,4.278000,3.658000,2.770000,1.907000,1.117000,0.367700,0.019350,0.034360,0.028880,0.054990,19.760000,22.380000,19.570000,14.600000,8.566000,2.785000,0.142500,0.249600,0.210300,0.393000,0
0.500000,7.011000,560.740000,1.239000,1.865000,1.700000,1.750000,1.742000,1.700000,1.604000,1.515000,1.437000,1.374000,7.700000,6.362000,5.575000,4.911000,4.346000,3.850000,3.436000,2.831000,2.509000,2.257000,76.310000,94.900000,75.840000,68.740000,60.550000,52.340000,44.090000,34.320000,28.840000,24.810000,3
0.522200,7.523000,491.670000,1.545000,1.752000,1.677000,1.792000,1.743000,1.697000,1.667000,1.546000,1.448000,1.371000,6.856000,5.674000,4.985000,4.331000,3.633000,3.040000,2.649000,2.313000,2.019000,1.749000,84.730000,79.530000,66.870000,62.080000,50.660000,41.280000,35.330000,28.610000,23.390000,19.190000,3
0.544400,7.119000,439.020000,1.061000,1.665000,1.578000,1.597000,1.581000,1.583000,1.504000,1.449000,1.466000,1.432000,7.217000,6.097000,4.964000,4.370000,3.765000,3.036000,2.540000,2.033000,1.732000,1.537000,61.250000,81.220000,62.650000,55.830000,47.600000,38.450000,30.560000,23.560000,20.300000,17.600000,2
0.566700,7.849000,351.480000,1.288000,1.445000,1.548000,1.633000,1.641000,1.586000,1.519000,1.440000,1.389000,1.317000,6.099000,5.076000,4.271000,3.675000,3.047000,2.390000,1.793000,1.306000,1.056000,0.961300,62.850000,58.690000,52.900000,48.000000,40.010000,30.320000,21.800000,15.050000,11.730000,10.130000,2
0.588900,7.508000,319.173000,0.968200,1.355000,1.428000,1.468000,1.457000,1.498000,1.477000,1.461000,1.391000,1.314000,6.321000,5.332000,4.387000,3.638000,3.012000,2.385000,1.771000,1.428000,0.976500,0.704000,48.960000,57.790000,50.110000,42.720000,35.120000,28.580000,20.920000,16.700000,10.870000,7.403000,2
0.611100,8.082000,250.755000,1.091000,1.250000,1.383000,1.464000,1.461000,1.363000,1.328000,1.296000,1.267000,1.141000,5.557000,4.583000,3.700000,2.995000,2.432000,1.666000,1.127000,0.864900,0.701000,0.627600,48.520000,45.840000,40.940000,35.080000,28.430000,18.170000,11.970000,8.968000,7.106000,5.731000,1
0.633300,7.616000,210.711000,0.731800,1.021000,1.266000,1.268000,1.288000,1.357000,1.295000,1.239000,1.149000,1.123000,5.678000,4.830000,4.104000,3.179000,2.326000,1.698000,1.148000,0.562400,0.271700,0.204600,33.240000,39.460000,41.550000,32.250000,23.970000,18.430000,11.900000,5.576000,2.497000,1.838000,1
0.655600,8.270000,158.612300,0.837700,0.964900,1.221000,1.296000,1.280000,1.229000,1.174000,1.130000,1.109000,1.097000,5.012000,4.030000,3.489000,2.637000,1.770000,0.953400,0.303400,0.052190,0.075310,0.114200,33.590000,31.110000,34.080000,27.350000,18.120000,9.371000,2.849000,0.472000,0.668300,1.002000,0
0.677800,7.776000,137.278900,0.605800,0.800000,1.052000,1.138000,1.132000,1.098000,1.097000,1.101000,1.076000,1.055000,5.016000,4.417000,3.604000,2.637000,1.821000,1.022000,0.345000,0.055590,0.074400,0.089350,24.310000,28.270000,30.320000,24.000000,16.490000,8.976000,3.029000,0.489500,0.640300,0.754100,0
0.700000,8.204000,94.464000,0.601800,0.754800,0.857900,0.935900,0.977500,0.978900,0.931500,0.934200,0.926200,0.909700,4.570000,3.829000,2.965000,2.018000,1.214000,0.431900,0.027730,0.020510,0.025140,0.063190,22.000000,23.120000,20.350000,15.110000,9.496000,3.382000,0.206600,0.153300,0.186200,0.459900,0
0.500000,6.638000,565.980000,0.959400,1.667000,1.814000,1.769000,1.756000,1.727000,1.727000,1.585000,1.462000,1.399000,7.905000,6.974000,5.900000,5.077000,4.470000,3.779000,3.509000,2.980000,2.508000,2.168000,60.670000,93.010000,85.610000,71.830000,62.790000,52.200000,48.460000,37.790000,29.340000,24.280000,3
0.522200,7.321000,500.140000,1.316000,1.780000,1.656000,1.776000,1.848000,1.737000,1.642000,1.546000,1.559000,1.507000,7.113000,5.890000,5.022000,4.439000,3.794000,3.221000,2.746000,2.264000,2.007000,1.811000,74.900000,83.880000,66.530000,63.060000,56.080000,44.760000,36.070000,28.000000,25.030000,21.830000,3
0.544400,6.892000,458.400000,0.911600,1.618000,1.624000,1.657000,1.777000,1.689000,1.630000,1.582000,1.529000,1.473000,7.181000,6.342000,4.963000,4.516000,3.992000,3.166000,2.518000,2.132000,1.794000,1.550000,52.370000,82.110000,64.480000,59.880000,56.750000,42.800000,32.820000,26.990000,21.940000,18.260000,3
0.566700,7.422000,398.460000,1.154000,1.466000,1.645000,1.738000,1.681000,1.655000,1.575000,1.465000,1.377000,1.309000,6.612000,5.570000,4.707000,4.101000,3.286000,2.732000,2.143000,1.682000,1.316000,1.106000,61.050000,65.340000,61.920000,57.010000,44.180000,36.170000,27.000000,19.710000,14.500000,11.580000,2
0.588900,7.208000,337.891000,0.823300,1.236000,1.474000,1.530000,1.599000,1.597000,1.573000,1.446000,1.405000,1.291000,6.574000,5.626000,4.821000,3.855000,3.305000,2.473000,1.880000,1.444000,1.028000,0.886700,43.300000,55.620000,56.850000,47.180000,42.290000,31.590000,23.650000,16.700000,11.550000,9.161000,2
0.611100,7.817000,267.254000,1.012000,1.255000,1.476000,1.538000,1.423000,1.391000,1.328000,1.311000,1.240000,1.202000,5.755000,4.818000,4.016000,3.304000,2.528000,1.866000,1.257000,0.908300,0.663600,0.547700,46.580000,48.370000,47.400000,40.640000,28.770000,20.770000,13.350000,9.526000,6.581000,5.267000,1
0.633300,7.597000,228.927000,0.790300,1.071000,1.298000,1.445000,1.374000,1.384000,1.310000,1.259000,1.180000,1.137000,5.991000,4.810000,4.027000,3.293000,2.498000,1.787000,1.098000,0.598300,0.316400,0.237900,37.880000,41.230000,41.820000,38.070000,27.460000,19.790000,11.500000,6.028000,2.986000,2.163000,1
0.655600,7.996000,169.024000,0.813000,0.975800,1.153000,1.246000,1.327000,1.304000,1.269000,1.157000,1.111000,1.084000,5.209000,4.320000,3.604000,2.742000,1.935000,1.136000,0.414900,0.171400,0.150200,0.153400,33.880000,33.720000,33.250000,27.330000,20.540000,11.840000,4.212000,1.587000,1.335000,1.330000,0
0.677800,8.576000,117.480200,0.818400,0.936900,1.108000,1.154000,1.145000,1.126000,1.101000,1.072000,1.054000,1.052000,4.618000,3.610000,2.998000,2.028000,1.083000,0.328800,0.059990,0.054960,0.066770,0.051720,30.240000,27.060000,26.580000,18.720000,9.921000,2.961000,0.528500,0.471200,0.563100,0.435400,0
0.700000,8.512000,92.818200,0.656100,0.844700,0.904100,0.947200,0.958700,0.917000,0.898500,0.910300,0.899600,0.885400,4.507000,3.600000,2.686000,1.826000,0.998700,0.339700,0.060020,0.030180,0.040360,0.065720,23.660000,24.330000,19.430000,13.840000,7.659000,2.492000,0.431400,0.219800,0.290500,0.465500,0
0.500000,7.504000,386.840000,1.133000,1.279000,1.256000,1.338000,1.329000,1.244000,1.204000,1.132000,1.117000,1.098000,6.657000,5.606000,4.984000,4.366000,3.902000,3.438000,3.045000,2.787000,2.517000,2.224000,60.360000,57.350000,50.100000,46.730000,41.480000,34.220000,29.330000,25.240000,22.490000,19.540000,2
0.522200,7.963000,327.620000,1.147000,1.203000,1.226000,1.274000,1.234000,1.186000,1.153000,1.172000,1.104000,1.065000,5.960000,5.108000,4.478000,4.000000,3.479000,2.932000,2.553000,2.228000,2.022000,1.728000,54.670000,49.140000,43.900000,40.760000,34.340000,27.800000,23.550000,20.890000,17.860000,14.710000,2
0.544400,7.768000,291.440000,0.977800,1.152000,1.184000,1.229000,1.182000,1.151000,1.151000,1.148000,1.114000,1.119000,6.078000,5.062000,4.417000,3.753000,3.163000,2.644000,2.246000,1.821000,1.585000,1.417000,47.540000,46.670000,41.840000,36.910000,29.900000,24.350000,20.680000,16.730000,14.130000,12.690000,2
0.566700,7.664000,253.706000,0.846100,1.037000,1.104000,1.156000,1.149000,1.126000,1.098000,1.061000,1.033000,1.008000,6.015000,4.992000,4.335000,3.650000,3.005000,2.427000,1.982000,1.587000,1.267000,1.080000,40.720000,41.400000,38.290000,33.750000,27.620000,21.860000,17.410000,13.470000,10.470000,8.716000,1
0.588900,8.253000,195.962000,0.863100,1.018000,1.065000,1.098000,1.094000,1.095000,1.034000,1.033000,1.003000,0.961700,5.252000,4.354000,3.684000,3.007000,2.396000,1.816000,1.356000,0.985600,0.729900,0.564800,36.260000,35.460000,31.400000,26.410000,20.970000,15.910000,11.210000,8.142000,5.855000,4.345000,1
0.611100,8.008000,165.036000,0.683100,0.875700,0.994100,1.025000,1.012000,1.025000,0.955200,0.929300,0.894600,0.879400,5.298000,4.365000,3.648000,2.986000,2.391000,1.665000,1.085000,0.698300,0.419600,0.354900,28.950000,30.580000,29.010000,24.480000,19.370000,13.660000,8.294000,5.192000,3.003000,2.497000,0
0.633300,8.639000,121.090000,0.709200,0.858100,0.950200,0.942100,0.952200,0.961200,0.929800,0.874300,0.852600,0.811400,4.580000,3.682000,2.977000,2.350000,1.697000,1.065000,0.569000,0.262400,0.180200,0.167400,25.990000,25.270000,22.630000,17.710000,12.920000,8.187000,4.232000,1.835000,1.229000,1.087000,0
0.655600,8.375000,96.684200,0.559900,0.721700,0.817700,0.880900,0.884200,0.841400,0.820800,0.784000,0.770200,0.748800,4.605000,3.736000,2.952000,2.199000,1.514000,0.845100,0.284100,0.066430,0.076850,0.088490,20.620000,21.570000,19.310000,15.500000,10.710000,5.688000,1.866000,0.416600,0.473500,0.530100,0
0.677800,8.421000,72.832300,0.494100,0.597700,0.700000,0.722800,0.753400,0.765700,0.743700,0.721500,0.705100,0.687100,4.356000,3.568000,2.735000,1.922000,1.193000,0.621000,0.082200,0.026040,0.038530,0.051060,17.220000,17.060000,15.310000,11.110000,7.191000,3.804000,0.489000,0.150300,0.217300,0.280700,0
0.700000,9.354000,40.531160,0.486400,0.571900,0.592300,0.588100,0.607200,0.584100,0.578100,0.570800,0.571900,0.568000,3.460000,2.573000,1.777000,1.083000,0.295400,0.016720,0.019440,0.016330,0.012840,0.011610,13.460000,11.770000,8.419000,5.093000,1.435000,0.078130,0.089930,0.074580,0.058760,0.052760,0
0.500000,7.280000,414.560000,1.061000,1.391000,1.372000,1.409000,1.420000,1.347000,1.265000,1.182000,1.184000,1.112000,6.968000,5.876000,5.098000,4.550000,3.979000,3.575000,3.165000,2.793000,2.352000,2.059000,59.130000,65.410000,55.970000,51.300000,45.210000,38.520000,32.030000,26.410000,22.270000,18.310000,2
0.522200,6.997000,378.140000,0.804900,1.237000,1.298000,1.366000,1.384000,1.276000,1.260000,1.202000,1.155000,1.081000,7.112000,6.048000,5.086000,4.600000,3.938000,3.364000,2.921000,2.601000,2.252000,1.872000,45.800000,59.860000,52.830000,50.250000,43.600000,34.340000,29.450000,25.010000,20.810000,16.190000,2
0.544400,7.430000,318.920000,0.912400,1.149000,1.235000,1.317000,1.304000,1.228000,1.235000,1.180000,1.120000,1.063000,6.432000,5.351000,4.598000,4.066000,3.471000,2.893000,2.450000,2.054000,1.634000,1.368000,46.950000,49.190000,45.440000,42.850000,36.220000,28.410000,24.200000,19.390000,14.630000,11.640000,2
0.566700,8.236000,253.451000,1.031000,1.167000,1.250000,1.278000,1.257000,1.223000,1.162000,1.088000,1.098000,1.019000,5.324000,4.566000,3.988000,3.432000,2.755000,2.210000,1.668000,1.231000,0.991600,0.939400,43.910000,42.630000,39.890000,35.080000,27.710000,21.630000,15.510000,10.720000,8.710000,7.661000,1
0.588900,7.992000,223.886000,0.867000,1.069000,1.142000,1.146000,1.170000,1.169000,1.117000,1.077000,1.009000,0.972700,5.451000,4.595000,3.910000,3.344000,2.715000,2.045000,1.553000,1.153000,0.843200,0.674700,37.810000,39.290000,35.710000,30.660000,25.420000,19.120000,13.880000,9.936000,6.810000,5.250000,1
0.611100,7.744000,185.483000,0.679400,0.901300,1.075000,1.044000,1.064000,1.063000,1.048000,1.024000,0.991900,0.937100,5.588000,4.549000,3.821000,3.135000,2.481000,1.932000,1.346000,0.876900,0.538800,0.397100,30.370000,32.800000,32.860000,26.180000,21.120000,16.430000,11.290000,7.181000,4.275000,2.977000,1
0.633300,8.334000,133.359000,0.713400,0.902500,0.999200,0.995200,0.976200,0.963800,0.943500,0.905800,0.873500,0.835400,4.757000,4.013000,3.215000,2.459000,1.821000,1.182000,0.613900,0.240100,0.158400,0.171000,27.150000,28.970000,25.700000,19.580000,14.220000,9.116000,4.633000,1.740000,1.107000,1.143000,0
0.655600,8.137000,108.460500,0.568700,0.741500,0.879400,0.902200,0.920300,0.909900,0.868500,0.832100,0.800500,0.805600,4.777000,3.992000,3.205000,2.305000,1.653000,0.989600,0.421400,0.090340,0.074610,0.074530,21.730000,23.680000,22.550000,16.640000,12.170000,7.203000,2.928000,0.601400,0.477800,0.480300,0
0.677800,9.132000,67.298400,0.626700,0.748100,0.818200,0.809300,0.780900,0.788300,0.759800,0.738500,0.723300,0.703700,3.827000,3.037000,2.215000,1.452000,0.701100,0.111500,0.023790,0.023080,0.044810,0.071920,19.190000,18.180000,14.500000,9.400000,4.380000,0.703200,0.144600,0.136400,0.259300,0.404900,0
0.700000,9.190000,49.116450,0.501300,0.631300,0.676400,0.693700,0.702300,0.685400,0.680400,0.670900,0.661200,0.654900,3.588000,2.870000,2.024000,1.147000,0.428700,0.017820,0.018230,0.023460,0.017630,0.018190,14.390000,14.490000,10.950000,6.367000,2.408000,0.097700,0.099260,0.125900,0.093280,0.095310,0
0.500000,6.815000,459.700000,0.842400,1.465000,1.480000,1.422000,1.506000,1.482000,1.423000,1.343000,1.259000,1.169000,7.373000,6.329000,5.576000,4.824000,4.263000,3.831000,3.368000,2.963000,2.647000,2.276000,49.690000,74.190000,66.030000,54.890000,51.360000,45.410000,38.350000,31.820000,26.670000,21.290000,3
0.522200,7.499000,398.550000,1.177000,1.414000,1.457000,1.479000,1.405000,1.354000,1.378000,1.353000,1.231000,1.192000,6.537000,5.422000,4.917000,4.297000,3.687000,3.155000,2.720000,2.296000,2.035000,1.787000,61.530000,61.340000,57.300000,50.850000,41.450000,34.160000,29.980000,24.850000,20.040000,17.050000,2
0.544400,7.241000,356.350000,0.903700,1.271000,1.312000,1.365000,1.385000,1.345000,1.324000,1.277000,1.259000,1.222000,6.541000,5.598000,4.918000,4.221000,3.569000,3.078000,2.623000,2.185000,1.783000,1.399000,47.290000,56.940000,51.610000,46.090000,39.550000,33.120000,27.790000,22.320000,17.960000,13.680000,2
0.566700,7.855000,284.920000,1.025000,1.243000,1.270000,1.356000,1.346000,1.317000,1.237000,1.170000,1.155000,1.170000,5.762000,4.941000,4.257000,3.478000,2.836000,2.337000,1.818000,1.386000,1.201000,1.103000,47.230000,49.140000,43.240000,37.740000,30.550000,24.630000,18.000000,12.980000,11.090000,10.320000,1
0.588900,7.599000,249.380000,0.818500,1.071000,1.170000,1.249000,1.244000,1.268000,1.200000,1.180000,1.117000,1.118000,5.808000,4.857000,4.170000,3.545000,2.859000,2.157000,1.692000,1.272000,1.000000,0.869400,38.030000,41.600000,39.040000,35.430000,28.440000,21.870000,16.250000,12.000000,8.942000,7.778000,1
0.611100,8.153000,185.209000,0.849300,1.057000,1.167000,1.160000,1.138000,1.120000,1.108000,1.096000,1.036000,0.980200,5.096000,4.268000,3.619000,2.936000,2.170000,1.560000,0.984100,0.591300,0.388500,0.328500,34.620000,36.090000,33.800000,27.250000,19.770000,13.980000,8.721000,5.183000,3.219000,2.576000,1
0.633300,7.856000,158.548000,0.643100,0.895500,1.027000,1.078000,1.053000,1.033000,1.042000,0.994100,0.963800,0.944500,5.173000,4.433000,3.659000,2.908000,2.139000,1.415000,0.888700,0.493100,0.286800,0.234900,26.620000,31.760000,30.050000,25.080000,18.030000,11.690000,7.410000,3.922000,2.211000,1.775000,0
0.655600,8.742000,102.519800,0.728000,0.887900,0.948100,0.966700,0.963400,0.952300,0.882400,0.853100,0.841500,0.829900,4.324000,3.539000,2.740000,1.918000,1.214000,0.580200,0.109300,0.091470,0.104400,0.108000,25.180000,25.140000,20.780000,14.830000,9.355000,4.420000,0.771200,0.624200,0.702700,0.716700,0
0.677800,8.587000,82.513500,0.570500,0.739400,0.864400,0.871100,0.882700,0.894100,0.873000,0.856100,0.830900,0.818800,4.163000,3.504000,2.717000,1.825000,1.008000,0.386000,0.034880,0.044480,0.063310,0.065120,19.000000,20.730000,18.790000,12.720000,7.117000,2.761000,0.243600,0.304600,0.420800,0.426500,0
0.700000,8.496000,64.525430,0.499800,0.611600,0.711900,0.736400,0.761200,0.740000,0.719900,0.712500,0.704600,0.696200,4.004000,3.328000,2.541000,1.783000,0.927300,0.191800,0.016100,0.020310,0.022820,0.024300,16.010000,16.290000,14.470000,10.500000,5.647000,1.136000,0.092730,0.115800,0.128600,0.135300,0
0.500000,7.193000,481.600000,1.204000,1.600000,1.506000,1.504000,1.523000,1.460000,1.451000,1.397000,1.360000,1.293000,7.131000,6.113000,5.255000,4.722000,4.257000,3.626000,3.151000,2.873000,2.593000,2.267000,68.690000,78.230000,63.310000,56.820000,51.860000,42.360000,36.570000,32.110000,28.210000,23.440000,3
0.522200,6.974000,431.780000,0.912700,1.468000,1.483000,1.501000,1.500000,1.443000,1.429000,1.397000,1.377000,1.314000,6.970000,6.046000,5.101000,4.486000,4.067000,3.449000,3.008000,2.562000,2.126000,1.942000,50.890000,70.990000,60.520000,53.870000,48.810000,39.820000,34.390000,28.640000,23.430000,20.420000,2
0.544400,7.685000,366.960000,1.205000,1.414000,1.411000,1.513000,1.396000,1.478000,1.470000,1.463000,1.331000,1.271000,6.317000,5.280000,4.541000,3.984000,3.257000,2.701000,2.303000,1.880000,1.528000,1.298000,60.890000,59.710000,51.260000,48.230000,36.380000,31.930000,27.080000,22.010000,16.270000,13.200000,2
0.566700,7.315000,329.850000,0.914300,1.282000,1.351000,1.397000,1.346000,1.383000,1.367000,1.352000,1.264000,1.224000,6.395000,5.391000,4.601000,3.944000,3.381000,2.698000,2.134000,1.731000,1.387000,1.191000,46.770000,55.290000,49.730000,44.080000,36.390000,29.850000,23.340000,18.720000,14.020000,11.660000,2
0.588900,8.007000,253.486000,0.980800,1.230000,1.319000,1.309000,1.322000,1.268000,1.268000,1.280000,1.268000,1.167000,5.577000,4.656000,3.929000,3.150000,2.575000,2.057000,1.488000,1.089000,0.857600,0.689600,43.760000,45.800000,41.450000,32.980000,27.250000,20.860000,15.100000,11.150000,8.698000,6.438000,1
0.611100,7.570000,229.075000,0.753400,1.095000,1.196000,1.232000,1.220000,1.235000,1.225000,1.199000,1.133000,1.056000,5.604000,4.917000,4.058000,3.292000,2.748000,1.999000,1.498000,0.996400,0.662900,0.492900,33.780000,43.070000,38.810000,32.460000,26.810000,19.740000,14.680000,9.555000,6.007000,4.163000,1
0.633300,8.099000,167.624000,0.769500,1.016000,1.179000,1.194000,1.215000,1.134000,1.100000,1.041000,0.993000,0.954100,5.119000,4.207000,3.444000,2.773000,1.970000,1.281000,0.750100,0.354100,0.199900,0.135900,31.510000,34.210000,32.480000,26.480000,19.150000,11.620000,6.600000,2.949000,1.588000,1.037000,0
0.655600,7.872000,134.379800,0.625400,0.818800,1.033000,1.075000,1.079000,1.025000,1.030000,1.016000,0.978500,0.955200,5.006000,4.157000,3.479000,2.668000,1.833000,1.016000,0.408400,0.160200,0.104100,0.098740,25.050000,27.230000,28.750000,22.950000,15.830000,8.331000,3.366000,1.303000,0.815300,0.754500,0
0.677800,8.858000,86.297200,0.687200,0.865100,0.925500,0.981600,0.959400,0.938300,0.882600,0.871200,0.859900,0.846000,4.049000,3.263000,2.396000,1.640000,0.951900,0.317800,0.049930,0.020350,0.037110,0.058460,22.260000,22.580000,17.740000,12.880000,7.306000,2.386000,0.352500,0.141800,0.255300,0.395600,0
0.700000,8.650000,65.581000,0.530600,0.674100,0.805000,0.840300,0.805400,0.779800,0.778800,0.774800,0.773600,0.756700,3.902000,3.191000,2.360000,1.530000,0.773900,0.123200,0.017100,0.018280,0.024260,0.034120,16.560000,17.210000,15.200000,10.280000,4.986000,0.768500,0.106500,0.113300,0.150100,0.206600,0
0.500000,7.612000,485.160000,1.615000,1.623000,1.587000,1.580000,1.586000,1.551000,1.480000,1.367000,1.258000,1.244000,6.833000,5.667000,5.113000,4.381000,3.899000,3.525000,3.125000,2.620000,2.297000,2.114000,88.270000,73.570000,64.920000,55.370000,49.480000,43.750000,36.990000,28.660000,23.110000,21.040000,3
0.522200,7.047000,463.060000,1.007000,1.572000,1.519000,1.603000,1.690000,1.560000,1.558000,1.519000,1.442000,1.338000,7.168000,6.154000,5.150000,4.505000,3.991000,3.342000,2.966000,2.526000,2.103000,1.866000,57.730000,77.410000,62.560000,57.780000,53.960000,41.710000,36.970000,30.700000,24.260000,19.980000,2
0.544400,7.902000,376.220000,1.369000,1.520000,1.539000,1.540000,1.512000,1.427000,1.377000,1.345000,1.320000,1.279000,6.018000,5.113000,4.441000,3.761000,3.327000,2.803000,2.257000,1.856000,1.492000,1.396000,65.900000,62.180000,54.690000,46.350000,40.240000,31.990000,24.860000,19.970000,15.750000,14.290000,2
0.566700,7.549000,339.070000,1.087000,1.364000,1.444000,1.506000,1.446000,1.473000,1.410000,1.358000,1.284000,1.228000,6.182000,5.200000,4.441000,3.884000,3.007000,2.556000,2.090000,1.655000,1.292000,1.094000,53.740000,56.730000,51.320000,46.790000,34.790000,30.120000,23.580000,17.980000,13.270000,10.750000,2
0.588900,7.221000,296.120000,0.789200,1.172000,1.326000,1.475000,1.410000,1.424000,1.352000,1.314000,1.242000,1.195000,6.305000,5.360000,4.568000,3.774000,3.040000,2.371000,1.877000,1.345000,0.949400,0.824900,39.810000,50.240000,48.450000,44.520000,34.300000,27.020000,20.310000,14.150000,9.433000,7.887000,1
0.611100,7.869000,229.892000,0.935800,1.133000,1.309000,1.352000,1.349000,1.306000,1.282000,1.223000,1.120000,1.064000,5.519000,4.481000,3.855000,3.118000,2.358000,1.771000,1.208000,0.790100,0.575700,0.541200,41.320000,40.620000,40.370000,33.740000,25.450000,18.500000,12.400000,7.729000,5.156000,4.607000,1
0.633300,7.505000,194.665800,0.695200,0.973800,1.122000,1.219000,1.245000,1.279000,1.225000,1.149000,1.151000,1.117000,5.554000,4.805000,3.835000,3.210000,2.398000,1.742000,1.118000,0.551500,0.206500,0.109000,30.890000,37.430000,34.420000,31.300000,23.890000,17.830000,10.960000,5.068000,1.903000,0.974800,0
0.655600,8.300000,134.047400,0.800600,0.983300,1.082000,1.107000,1.128000,1.094000,1.045000,1.011000,0.967300,0.961800,4.885000,3.922000,3.030000,2.218000,1.487000,0.849000,0.344900,0.102300,0.102700,0.087090,31.290000,30.850000,26.240000,19.650000,13.410000,7.432000,2.883000,0.827400,0.794900,0.670100,0
0.677800,8.028000,110.037000,0.613800,0.786900,0.975900,1.025000,0.990600,0.977700,0.965100,0.935800,0.938600,0.930900,4.725000,3.980000,2.993000,2.214000,1.476000,0.751000,0.158200,0.037830,0.061600,0.097530,23.200000,25.060000,23.370000,18.150000,11.690000,5.874000,1.221000,0.283200,0.462500,0.726300,0
0.700000,8.776000,70.850900,0.593900,0.774300,0.866500,0.917500,0.923700,0.870200,0.843000,0.842000,0.832900,0.815100,3.799000,3.214000,2.230000,1.439000,0.740400,0.088170,0.018270,0.025790,0.035870,0.038370,18.050000,19.910000,15.460000,10.560000,5.471000,0.613800,0.123200,0.173700,0.239000,0.250200,0
0.500000,7.650000,512.240000,1.681000,1.730000,1.723000,1.768000,1.724000,1.549000,1.504000,1.417000,1.332000,1.313000,6.808000,5.545000,5.203000,4.464000,4.015000,3.422000,3.019000,2.553000,2.266000,2.081000,91.570000,76.750000,71.710000,63.150000,55.370000,42.410000,36.330000,28.950000,24.150000,21.850000,3
0.522200,7.570000,460.170000,1.408000,1.530000,1.682000,1.725000,1.724000,1.563000,1.449000,1.449000,1.400000,1.343000,6.648000,5.550000,4.947000,4.379000,3.750000,3.070000,2.586000,2.397000,2.129000,1.736000,74.900000,67.910000,66.560000,60.440000,51.720000,38.390000,29.970000,27.780000,23.840000,18.660000,3
0.544400,7.129000,419.090000,1.004000,1.481000,1.499000,1.614000,1.589000,1.626000,1.558000,1.458000,1.432000,1.361000,6.859000,5.803000,4.982000,4.388000,3.761000,3.077000,2.530000,2.166000,1.674000,1.374000,55.120000,68.760000,59.760000,56.670000,47.800000,40.020000,31.540000,25.270000,19.180000,14.970000,2
0.566700,7.785000,343.220000,1.238000,1.366000,1.481000,1.522000,1.538000,1.491000,1.448000,1.354000,1.322000,1.248000,6.063000,5.045000,4.482000,3.734000,3.087000,2.449000,1.930000,1.511000,1.241000,1.047000,60.040000,55.130000,53.110000,45.450000,37.980000,29.220000,22.350000,16.370000,13.120000,10.450000,2
0.588900,7.556000,303.087000,0.986100,1.303000,1.392000,1.492000,1.481000,1.470000,1.414000,1.309000,1.259000,1.176000,6.099000,4.996000,4.350000,3.527000,2.989000,2.264000,1.717000,1.271000,0.946800,0.854900,48.120000,52.070000,48.450000,42.090000,35.420000,26.620000,19.430000,13.310000,9.537000,8.040000,1
0.611100,8.187000,229.291000,1.063000,1.229000,1.356000,1.435000,1.395000,1.362000,1.326000,1.254000,1.183000,1.143000,5.233000,4.313000,3.585000,2.852000,2.117000,1.578000,1.054000,0.810200,0.639800,0.502300,44.500000,42.410000,38.880000,32.730000,23.620000,17.190000,11.180000,8.130000,6.057000,4.594000,1
0.633300,7.950000,194.494000,0.864800,1.049000,1.212000,1.283000,1.339000,1.380000,1.293000,1.239000,1.109000,1.057000,5.313000,4.261000,3.560000,2.824000,2.228000,1.492000,0.895700,0.445100,0.241600,0.274800,36.760000,35.750000,34.520000,28.990000,23.860000,16.470000,9.264000,4.413000,2.144000,2.323000,1
0.655600,8.540000,136.104100,0.843100,1.025000,1.111000,1.169000,1.216000,1.163000,1.139000,1.078000,1.066000,1.043000,4.636000,3.626000,2.928000,2.221000,1.496000,0.799500,0.315500,0.109100,0.124400,0.173500,31.270000,29.740000,26.010000,20.770000,14.550000,7.440000,2.874000,0.941100,1.061000,1.448000,0
0.677800,8.232000,106.810800,0.665300,0.830600,0.958900,0.998600,0.995400,0.978300,0.941100,0.957000,0.943700,0.918400,4.513000,3.769000,3.024000,2.119000,1.373000,0.635700,0.108100,0.032620,0.048560,0.037550,24.020000,25.050000,23.200000,16.930000,10.930000,4.975000,0.813600,0.249700,0.366600,0.275900,0
0.700000,8.927000,70.747700,0.682300,0.811700,0.857300,0.903800,0.908100,0.879200,0.859300,0.850700,0.849900,0.828200,3.896000,2.940000,2.172000,1.327000,0.596200,0.084770,0.043270,0.025440,0.032180,0.043630,21.270000,19.090000,14.890000,9.592000,4.331000,0.596200,0.297400,0.173200,0.218800,0.289100,0
0.500000,6.797000,546.560000,1.061000,1.799000,1.706000,1.713000,1.706000,1.650000,1.531000,1.559000,1.468000,1.383000,7.719000,6.593000,5.640000,5.084000,4.378000,3.828000,3.320000,2.864000,2.483000,2.143000,65.520000,94.920000,76.950000,69.650000,59.740000,50.520000,40.660000,35.720000,29.160000,23.720000,3
0.522200,7.488000,474.400000,1.487000,1.695000,1.687000,1.683000,1.654000,1.569000,1.527000,1.500000,1.445000,1.334000,6.742000,5.689000,4.933000,4.395000,3.746000,3.181000,2.654000,2.346000,2.029000,1.667000,80.180000,77.140000,66.570000,59.180000,49.580000,39.930000,32.420000,28.160000,23.450000,17.790000,3
0.544400,7.041000,435.200000,1.002000,1.536000,1.582000,1.645000,1.636000,1.613000,1.560000,1.531000,1.452000,1.372000,6.920000,5.985000,5.061000,4.306000,3.721000,3.096000,2.624000,2.165000,1.856000,1.457000,55.470000,73.550000,64.030000,56.660000,48.710000,39.950000,32.750000,26.530000,21.560000,15.990000,2
0.566700,7.665000,368.520000,1.246000,1.478000,1.523000,1.642000,1.610000,1.563000,1.513000,1.438000,1.343000,1.251000,6.288000,5.191000,4.452000,3.880000,3.171000,2.596000,1.954000,1.582000,1.263000,1.053000,62.680000,61.380000,54.220000,50.960000,40.850000,32.470000,23.650000,18.200000,13.580000,10.530000,2
0.588900,7.348000,320.300000,0.922800,1.242000,1.445000,1.541000,1.508000,1.489000,1.393000,1.371000,1.355000,1.377000,6.349000,5.349000,4.509000,3.750000,3.114000,2.375000,1.792000,1.333000,1.050000,0.913900,46.870000,53.160000,52.120000,46.230000,37.580000,28.290000,19.980000,14.620000,11.380000,10.070000,2
0.611100,8.017000,251.862000,1.069000,1.405000,1.429000,1.448000,1.425000,1.403000,1.378000,1.315000,1.215000,1.174000,5.447000,4.685000,3.638000,2.948000,2.348000,1.769000,1.173000,0.737000,0.549400,0.450500,46.600000,52.670000,41.570000,34.140000,26.760000,19.870000,12.930000,7.751000,5.341000,4.230000,1
0.633300,7.602000,210.377000,0.770000,1.059000,1.235000,1.388000,1.320000,1.297000,1.328000,1.249000,1.237000,1.168000,5.715000,4.843000,3.822000,3.110000,2.251000,1.547000,1.055000,0.580000,0.286400,0.236400,35.200000,41.020000,37.760000,34.530000,23.760000,16.060000,11.210000,5.795000,2.833000,2.209000,1
0.655600,8.262000,151.540000,0.832800,1.086000,1.257000,1.242000,1.206000,1.199000,1.177000,1.127000,1.072000,1.046000,4.904000,4.055000,3.306000,2.300000,1.332000,0.754600,0.363500,0.181700,0.141900,0.142900,32.670000,35.220000,33.250000,22.850000,12.840000,7.238000,3.421000,1.638000,1.217000,1.196000,0
0.677800,7.946000,124.708300,0.649500,0.825300,1.059000,1.133000,1.087000,1.038000,1.026000,0.978000,0.960200,0.945700,4.812000,4.023000,3.345000,2.487000,1.512000,0.740700,0.192300,0.067370,0.050870,0.062170,25.000000,26.560000,28.330000,22.550000,13.150000,6.152000,1.578000,0.527100,0.390800,0.470400,0
0.700000,7.982000,100.532020,0.542300,0.724300,0.894100,1.008000,1.006000,0.992900,0.935000,0.931600,0.917100,0.913800,4.608000,3.819000,3.080000,2.308000,1.427000,0.612700,0.086330,0.012820,0.037180,0.056220,19.990000,22.130000,22.030000,18.610000,11.480000,4.867000,0.645700,0.095520,0.272800,0.411000,0
0.500000,7.232000,561.080000,1.487000,1.865000,1.789000,1.839000,1.889000,1.762000,1.607000,1.611000,1.574000,1.473000,7.391000,6.312000,5.265000,4.604000,3.996000,3.512000,2.943000,2.625000,2.331000,2.123000,87.930000,94.170000,75.330000,67.730000,60.400000,49.510000,37.830000,33.820000,29.340000,25.020000,3
0.522200,6.851000,521.520000,1.038000,1.691000,1.701000,1.663000,1.826000,1.769000,1.752000,1.597000,1.554000,1.403000,7.385000,6.519000,5.559000,4.845000,4.204000,3.661000,2.988000,2.383000,2.067000,1.841000,61.330000,88.200000,75.630000,64.450000,61.420000,51.800000,41.870000,30.460000,25.700000,20.660000,3
0.544400,7.371000,443.560000,1.195000,1.673000,1.561000,1.662000,1.752000,1.624000,1.633000,1.536000,1.421000,1.381000,6.735000,5.935000,4.998000,4.238000,3.546000,2.966000,2.459000,1.997000,1.716000,1.497000,64.380000,79.460000,62.420000,56.360000,49.690000,38.540000,32.120000,24.540000,19.510000,16.540000,3
0.566700,7.906000,366.640000,1.414000,1.519000,1.528000,1.688000,1.649000,1.646000,1.571000,1.601000,1.470000,1.468000,6.008000,5.043000,4.140000,3.606000,3.002000,2.393000,1.822000,1.405000,1.187000,1.028000,67.960000,61.310000,50.620000,48.710000,39.600000,31.510000,22.900000,17.990000,13.960000,12.080000,2
0.588900,7.588000,324.207000,1.062000,1.388000,1.489000,1.625000,1.671000,1.567000,1.455000,1.424000,1.387000,1.320000,6.057000,5.086000,4.363000,3.463000,2.940000,2.248000,1.647000,1.252000,0.940900,0.755100,51.440000,56.460000,51.970000,45.020000,39.290000,28.190000,19.160000,14.260000,10.440000,7.977000,2
0.611100,7.270000,288.331000,0.777500,1.163000,1.426000,1.457000,1.502000,1.444000,1.429000,1.369000,1.319000,1.233000,6.306000,5.436000,4.513000,3.665000,2.888000,2.235000,1.597000,1.069000,0.752100,0.601700,39.220000,50.580000,51.480000,42.720000,34.690000,25.820000,18.250000,11.700000,7.936000,5.935000,1
0.633300,7.962000,217.681000,0.966500,1.310000,1.279000,1.388000,1.371000,1.368000,1.288000,1.295000,1.232000,1.164000,5.491000,4.591000,3.556000,2.888000,2.220000,1.456000,0.781900,0.478600,0.276000,0.285300,42.450000,48.100000,36.390000,32.070000,24.350000,15.930000,8.057000,4.957000,2.721000,2.656000,1
0.655600,8.505000,160.637000,0.925900,1.141000,1.252000,1.357000,1.339000,1.263000,1.224000,1.167000,1.130000,1.102000,4.791000,3.914000,3.004000,2.386000,1.583000,0.899100,0.356700,0.141800,0.115600,0.171300,35.490000,35.720000,30.100000,25.910000,16.960000,9.085000,3.493000,1.324000,1.045000,1.510000,0
0.677800,8.240000,133.382300,0.749900,0.947400,1.148000,1.223000,1.214000,1.158000,1.146000,1.099000,1.082000,1.070000,4.849000,4.056000,3.097000,2.272000,1.455000,0.692800,0.115400,0.039900,0.059870,0.046190,29.090000,30.740000,28.430000,22.240000,14.140000,6.420000,1.058000,0.350700,0.518400,0.395200,0
0.700000,8.781000,91.015900,0.739300,0.874200,1.034000,1.059000,1.084000,1.034000,1.027000,1.015000,0.987600,0.997900,4.195000,3.335000,2.427000,1.627000,0.786300,0.124800,0.033790,0.036930,0.045920,0.027910,24.810000,23.330000,20.080000,13.780000,6.821000,1.032000,0.277600,0.299700,0.362800,0.222800,0
0.500000,6.763000,604.910000,1.072000,1.885000,1.802000,1.844000,1.863000,1.762000,1.781000,1.760000,1.617000,1.524000,7.920000,6.805000,5.587000,5.154000,4.423000,3.897000,3.513000,3.035000,2.758000,2.337000,67.900000,102.600000,80.530000,76.040000,65.910000,54.950000,50.050000,42.740000,35.690000,28.500000,3
0.522200,7.330000,522.950000,1.450000,1.746000,1.662000,1.860000,1.859000,1.697000,1.654000,1.530000,1.495000,1.489000,7.196000,6.048000,5.212000,4.595000,4.016000,3.282000,2.828000,2.356000,2.097000,1.818000,83.500000,84.480000,69.320000,68.360000,59.720000,44.570000,37.430000,28.850000,25.070000,21.650000,3
0.544400,7.799000,440.240000,1.601000,1.686000,1.651000,1.742000,1.843000,1.760000,1.644000,1.490000,1.440000,1.344000,6.377000,5.358000,4.536000,3.932000,3.382000,2.687000,2.213000,1.902000,1.560000,1.313000,81.700000,72.280000,59.910000,54.790000,49.860000,37.830000,29.100000,22.670000,17.980000,14.120000,3
0.566700,7.380000,406.540000,1.176000,1.612000,1.653000,1.772000,1.759000,1.651000,1.574000,1.541000,1.410000,1.337000,6.761000,5.544000,4.686000,3.935000,3.161000,2.592000,2.090000,1.654000,1.367000,1.201000,63.590000,71.480000,61.990000,55.780000,44.480000,34.240000,26.320000,20.400000,15.420000,12.840000,2
0.588900,7.982000,320.983000,1.274000,1.470000,1.598000,1.579000,1.601000,1.577000,1.468000,1.428000,1.333000,1.313000,5.850000,4.822000,4.142000,3.350000,2.662000,2.086000,1.478000,1.155000,0.955900,0.785900,59.610000,56.690000,52.960000,42.310000,34.100000,26.310000,17.360000,13.200000,10.190000,8.253000,2
0.611100,7.586000,282.182000,0.892000,1.302000,1.431000,1.523000,1.475000,1.531000,1.507000,1.432000,1.404000,1.323000,5.963000,5.190000,4.191000,3.462000,2.500000,2.104000,1.451000,0.937800,0.609700,0.476800,42.550000,54.050000,47.990000,42.190000,29.510000,25.770000,17.490000,10.740000,6.846000,5.046000,1
0.633300,8.144000,207.336000,0.984600,1.224000,1.338000,1.317000,1.307000,1.310000,1.305000,1.220000,1.189000,1.169000,5.308000,4.490000,3.594000,2.767000,2.081000,1.339000,0.805700,0.481100,0.295100,0.239500,41.810000,43.970000,38.470000,29.150000,21.750000,14.030000,8.414000,4.695000,2.807000,2.240000,1
0.655600,7.725000,177.246600,0.701200,1.029000,1.256000,1.251000,1.251000,1.244000,1.229000,1.134000,1.085000,1.064000,5.407000,4.591000,3.722000,2.884000,2.085000,1.229000,0.631000,0.174700,0.107300,0.120400,30.330000,37.800000,37.400000,28.870000,20.860000,12.240000,6.204000,1.586000,0.931600,1.025000,0
0.677800,7.983000,141.612500,0.658900,0.926000,1.068000,1.221000,1.273000,1.197000,1.150000,1.079000,1.056000,1.062000,4.981000,4.183000,3.486000,2.646000,1.584000,0.817300,0.282300,0.113500,0.095810,0.043520,26.260000,30.990000,29.790000,25.860000,16.130000,7.828000,2.596000,0.979100,0.809500,0.369900,0
0.700000,8.237000,101.276100,0.636800,0.794200,0.981400,1.033000,1.056000,1.049000,0.992300,0.979300,0.983400,0.968700,4.601000,3.779000,3.044000,1.990000,1.114000,0.320800,0.027850,0.052840,0.046320,0.049110,23.440000,24.010000,23.900000,16.450000,9.405000,2.691000,0.221100,0.414000,0.364400,0.380600,0
0.500000,6.880000,596.430000,1.245000,1.821000,1.894000,1.859000,1.851000,1.799000,1.770000,1.657000,1.532000,1.479000,7.805000,6.580000,5.719000,5.098000,4.370000,3.760000,3.320000,2.907000,2.455000,2.187000,77.770000,95.850000,86.660000,75.830000,64.720000,54.120000,47.000000,38.520000,30.080000,25.880000,3
0.522200,7.452000,510.170000,1.594000,1.826000,1.717000,1.882000,1.802000,1.695000,1.623000,1.601000,1.540000,1.509000,6.890000,5.815000,5.096000,4.385000,3.599000,3.072000,2.636000,2.225000,1.899000,1.794000,87.870000,84.960000,69.980000,66.020000,51.900000,41.650000,34.230000,28.490000,23.400000,21.670000,3
0.544400,6.953000,487.690000,1.033000,1.636000,1.834000,1.735000,1.764000,1.729000,1.740000,1.645000,1.539000,1.410000,7.231000,6.148000,5.298000,4.604000,3.922000,3.140000,2.690000,2.284000,1.852000,1.485000,59.760000,80.450000,77.710000,63.900000,55.360000,43.440000,37.440000,30.060000,22.810000,16.760000,3
0.566700,7.578000,403.810000,1.257000,1.683000,1.622000,1.734000,1.718000,1.703000,1.593000,1.528000,1.455000,1.381000,6.467000,5.353000,4.648000,4.029000,3.239000,2.551000,2.004000,1.561000,1.279000,1.061000,65.050000,72.050000,60.300000,55.900000,44.520000,34.750000,25.550000,19.080000,14.880000,11.730000,2
0.588900,7.109000,362.803000,0.876400,1.448000,1.500000,1.621000,1.658000,1.708000,1.666000,1.574000,1.481000,1.405000,6.744000,5.691000,4.694000,4.047000,3.285000,2.572000,1.861000,1.327000,0.964200,0.817800,47.290000,65.910000,56.310000,52.470000,43.560000,35.150000,24.800000,16.700000,11.420000,9.193000,2
0.611100,7.810000,282.849000,1.082000,1.349000,1.531000,1.514000,1.506000,1.454000,1.500000,1.351000,1.321000,1.260000,5.945000,5.001000,4.004000,3.200000,2.505000,1.874000,1.406000,0.883900,0.601700,0.481200,51.480000,53.980000,49.030000,38.750000,30.180000,21.800000,16.870000,9.550000,6.357000,4.852000,2
0.633300,8.331000,216.095000,1.107000,1.329000,1.543000,1.475000,1.424000,1.411000,1.312000,1.255000,1.232000,1.187000,5.147000,4.225000,3.367000,2.444000,1.837000,1.404000,0.898100,0.490100,0.242500,0.178200,45.560000,44.920000,41.570000,28.830000,20.930000,15.850000,9.429000,4.922000,2.391000,1.693000,1
0.655600,7.952000,179.906000,0.819800,0.982100,1.186000,1.408000,1.400000,1.347000,1.293000,1.236000,1.174000,1.138000,5.186000,4.320000,3.633000,2.725000,1.893000,1.134000,0.594200,0.298500,0.218200,0.243900,34.010000,33.940000,34.480000,30.690000,21.200000,12.220000,6.145000,2.951000,2.049000,2.221000,0
0.677800,8.620000,126.409300,0.823200,1.046000,1.201000,1.257000,1.268000,1.246000,1.135000,1.100000,1.107000,1.081000,4.439000,3.644000,2.791000,1.842000,1.139000,0.604200,0.148600,0.052220,0.070640,0.151900,29.230000,30.510000,26.820000,18.520000,11.560000,6.021000,1.350000,0.459700,0.625600,1.313000,0
0.700000,8.284000,105.368600,0.662400,0.866700,0.981300,0.980200,1.047000,1.044000,1.037000,1.017000,1.007000,1.009000,4.684000,3.730000,2.989000,2.052000,1.136000,0.480600,0.045380,0.038520,0.052730,0.059610,24.820000,25.860000,23.470000,16.090000,9.520000,4.013000,0.376400,0.313500,0.424600,0.481100,0
0.500000,7.288000,407.580000,1.093000,1.339000,1.291000,1.405000,1.354000,1.269000,1.245000,1.160000,1.185000,1.136000,7.038000,5.769000,5.057000,4.528000,4.000000,3.600000,3.118000,2.863000,2.476000,2.214000,61.540000,61.810000,52.240000,50.880000,43.320000,36.550000,31.070000,26.580000,23.470000,20.120000,2
0.522200,7.054000,367.700000,0.845200,1.218000,1.250000,1.275000,1.324000,1.280000,1.247000,1.182000,1.145000,1.159000,7.003000,5.912000,4.996000,4.394000,3.915000,3.416000,2.913000,2.522000,2.223000,1.965000,47.350000,57.630000,49.970000,44.830000,41.460000,34.970000,29.070000,23.840000,20.360000,18.220000,2
0.544400,7.729000,306.850000,1.045000,1.189000,1.229000,1.260000,1.206000,1.188000,1.195000,1.164000,1.111000,1.062000,6.114000,5.160000,4.443000,3.845000,3.267000,2.767000,2.318000,1.974000,1.624000,1.349000,51.090000,49.100000,43.680000,38.740000,31.510000,26.300000,22.150000,18.390000,14.430000,11.460000,2
0.566700,7.432000,272.381000,0.797000,1.069000,1.143000,1.163000,1.230000,1.216000,1.168000,1.142000,1.067000,1.033000,6.250000,5.224000,4.489000,3.781000,3.173000,2.588000,2.141000,1.665000,1.292000,1.087000,39.850000,44.670000,41.040000,35.190000,31.230000,25.170000,20.010000,15.210000,11.030000,8.981000,1
0.588900,7.990000,215.878000,0.870000,1.074000,1.102000,1.124000,1.110000,1.097000,1.101000,1.107000,1.042000,1.028000,5.520000,4.640000,3.896000,3.218000,2.585000,2.013000,1.418000,1.041000,0.799400,0.648700,38.420000,39.870000,34.350000,28.930000,22.950000,17.670000,12.480000,9.212000,6.663000,5.333000,1
0.611100,7.838000,180.336000,0.706900,0.909600,1.076000,1.063000,1.050000,1.043000,1.001000,0.980900,0.958100,0.882500,5.507000,4.490000,3.855000,3.178000,2.409000,1.721000,1.247000,0.771100,0.448700,0.312800,31.140000,32.670000,33.200000,27.020000,20.250000,14.370000,9.986000,6.051000,3.440000,2.209000,0
0.633300,8.612000,123.628800,0.750000,0.903200,0.992200,0.969100,0.985500,0.964900,0.930500,0.904400,0.881500,0.832800,4.588000,3.764000,2.998000,2.347000,1.618000,0.984600,0.492900,0.174500,0.105700,0.129500,27.530000,27.200000,23.800000,18.200000,12.760000,7.600000,3.669000,1.262000,0.745200,0.862600,0
0.655600,8.326000,102.992200,0.598100,0.766300,0.872200,0.925500,0.907300,0.872200,0.852700,0.840100,0.815400,0.791000,4.699000,3.774000,3.003000,2.278000,1.478000,0.780400,0.285200,0.051330,0.071580,0.098030,22.480000,23.140000,20.960000,16.860000,10.730000,5.445000,1.945000,0.345000,0.466900,0.620300,0
0.677800,8.324000,80.095000,0.522900,0.657200,0.756500,0.795500,0.823600,0.789700,0.768600,0.737600,0.717800,0.703700,4.455000,3.624000,2.777000,2.033000,1.249000,0.529100,0.078020,0.030530,0.029840,0.045070,18.640000,19.050000,16.810000,12.940000,8.227000,3.343000,0.479700,0.180100,0.171400,0.253800,0
0.700000,8.947000,51.837990,0.496900,0.598500,0.648400,0.660700,0.651300,0.637600,0.631400,0.624400,0.619800,0.611700,3.798000,2.980000,2.152000,1.407000,0.646100,0.038690,0.010370,0.015290,0.015480,0.020480,15.100000,14.270000,11.160000,7.439000,3.366000,0.197300,0.052380,0.076360,0.076750,0.100200,0
0.500000,7.157000,442.010000,1.077000,1.406000,1.435000,1.459000,1.479000,1.401000,1.356000,1.270000,1.193000,1.201000,7.211000,5.929000,5.232000,4.677000,4.129000,3.589000,3.243000,2.891000,2.462000,2.233000,62.100000,66.680000,60.040000,54.590000,48.870000,40.220000,35.190000,29.370000,23.500000,21.450000,2
0.522200,7.797000,374.060000,1.267000,1.301000,1.356000,1.477000,1.408000,1.387000,1.341000,1.245000,1.159000,1.142000,6.188000,5.258000,4.674000,4.044000,3.555000,3.125000,2.640000,2.277000,1.902000,1.615000,62.730000,54.720000,50.700000,47.790000,40.040000,34.690000,28.340000,22.680000,17.620000,14.750000,2
0.544400,7.426000,333.040000,0.976500,1.224000,1.279000,1.352000,1.306000,1.273000,1.267000,1.201000,1.227000,1.187000,6.451000,5.351000,4.631000,4.057000,3.431000,2.869000,2.437000,1.978000,1.655000,1.465000,50.400000,52.410000,47.400000,43.880000,35.840000,29.230000,24.710000,19.010000,16.250000,13.910000,2
0.566700,8.112000,264.869000,1.087000,1.184000,1.255000,1.270000,1.296000,1.201000,1.165000,1.115000,1.107000,1.068000,5.463000,4.619000,4.085000,3.465000,2.837000,2.227000,1.745000,1.326000,1.112000,1.013000,47.490000,43.750000,41.020000,35.220000,29.410000,21.390000,16.270000,11.820000,9.848000,8.651000,1
0.588900,7.811000,234.432000,0.850900,1.074000,1.182000,1.170000,1.223000,1.185000,1.177000,1.113000,1.094000,1.032000,5.643000,4.699000,4.008000,3.412000,2.722000,2.114000,1.611000,1.187000,0.865900,0.702500,38.410000,40.370000,37.890000,31.950000,26.640000,20.050000,15.170000,10.570000,7.580000,5.802000,1
0.611100,7.663000,197.444000,0.707500,0.972100,1.095000,1.111000,1.118000,1.134000,1.130000,1.074000,1.028000,0.985000,5.611000,4.637000,3.910000,3.163000,2.489000,1.914000,1.337000,0.890200,0.550200,0.425600,31.760000,36.060000,34.260000,28.120000,22.260000,17.370000,12.090000,7.647000,4.523000,3.354000,1
0.633300,8.482000,140.211000,0.792900,0.984200,1.065000,1.029000,1.033000,1.034000,0.995700,0.970500,0.929300,0.889500,4.707000,3.883000,3.126000,2.383000,1.698000,1.089000,0.657900,0.296400,0.206700,0.200500,29.850000,30.570000,26.640000,19.610000,14.030000,9.006000,5.240000,2.301000,1.537000,1.427000,0
0.655600,8.231000,114.812400,0.607900,0.823400,0.965300,0.925500,0.940700,0.910500,0.901500,0.877000,0.873400,0.848700,4.756000,3.905000,3.208000,2.307000,1.560000,0.981300,0.423500,0.109000,0.091010,0.113200,23.130000,25.720000,24.770000,17.080000,11.740000,7.148000,3.055000,0.764900,0.635900,0.768600,0
0.677800,8.674000,80.208100,0.595900,0.745200,0.862000,0.855400,0.869200,0.860100,0.816600,0.793400,0.775400,0.770100,4.189000,3.363000,2.540000,1.773000,0.984200,0.379000,0.029770,0.037870,0.048820,0.056550,19.970000,20.050000,17.520000,12.130000,6.844000,2.608000,0.194400,0.240400,0.302900,0.348400,0
0.700000,8.874000,56.906100,0.529000,0.659700,0.688700,0.728700,0.728800,0.723700,0.717400,0.708100,0.697200,0.693200,3.861000,3.108000,2.220000,1.325000,0.594600,0.047960,0.018750,0.019700,0.022320,0.022670,16.340000,16.400000,12.230000,7.722000,3.467000,0.277700,0.107600,0.111600,0.124500,0.125700,0
0.500000,6.728000,483.710000,0.857100,1.514000,1.511000,1.504000,1.509000,1.458000,1.448000,1.508000,1.401000,1.314000,7.502000,6.459000,5.600000,4.969000,4.365000,3.832000,3.377000,2.960000,2.619000,2.375000,51.440000,78.240000,67.710000,59.780000,52.700000,44.690000,39.120000,35.710000,29.360000,24.960000,3
0.522200,7.398000,412.130000,1.160000,1.428000,1.380000,1.478000,1.436000,1.415000,1.450000,1.357000,1.279000,1.246000,6.707000,5.747000,4.967000,4.321000,3.790000,3.236000,2.774000,2.470000,2.087000,1.783000,62.230000,65.670000,54.840000,51.110000,43.540000,36.640000,32.160000,26.820000,21.350000,17.770000,2
0.544400,6.929000,377.570000,0.809700,1.242000,1.335000,1.415000,1.446000,1.406000,1.372000,1.364000,1.378000,1.316000,6.969000,5.962000,5.074000,4.419000,3.672000,3.156000,2.651000,2.259000,1.825000,1.628000,45.140000,59.250000,54.200000,50.020000,42.470000,35.490000,29.100000,24.650000,20.120000,17.130000,2
0.566700,7.718000,305.464000,1.046000,1.257000,1.279000,1.405000,1.343000,1.351000,1.322000,1.295000,1.213000,1.166000,5.858000,5.020000,4.327000,3.742000,3.098000,2.465000,2.036000,1.644000,1.230000,0.986800,49.000000,50.500000,44.270000,42.060000,33.290000,26.640000,21.530000,17.030000,11.940000,9.204000,2
0.588900,7.470000,263.673000,0.811700,1.086000,1.245000,1.329000,1.278000,1.231000,1.265000,1.223000,1.156000,1.107000,6.018000,5.043000,4.392000,3.598000,2.892000,2.299000,1.771000,1.317000,0.955200,0.783200,39.080000,43.820000,43.750000,38.250000,29.560000,22.640000,17.910000,12.890000,8.834000,6.939000,1
0.611100,8.081000,201.140000,0.870400,1.102000,1.202000,1.237000,1.264000,1.189000,1.178000,1.192000,1.107000,1.029000,5.210000,4.303000,3.606000,2.917000,2.180000,1.683000,1.158000,0.721000,0.484300,0.395600,36.280000,37.950000,34.670000,28.870000,22.030000,16.010000,10.910000,6.875000,4.288000,3.257000,1
0.633300,7.763000,170.328000,0.690800,0.953000,1.048000,1.100000,1.120000,1.114000,1.103000,1.067000,1.005000,0.987900,5.267000,4.486000,3.701000,2.960000,2.229000,1.518000,0.957200,0.478100,0.273200,0.214900,29.110000,34.200000,31.040000,26.060000,19.970000,13.530000,8.443000,4.080000,2.197000,1.698000,0
0.655600,8.712000,111.479100,0.772100,0.937900,1.023000,1.041000,1.025000,1.021000,0.957000,0.919600,0.894600,0.880900,4.316000,3.560000,2.769000,2.076000,1.273000,0.568600,0.113800,0.078500,0.112900,0.116300,26.660000,26.710000,22.660000,17.290000,10.440000,4.643000,0.871200,0.577500,0.807800,0.819600,0
0.677800,8.686000,87.500200,0.649900,0.790900,0.901900,0.923800,0.922500,0.887000,0.869900,0.847900,0.835600,0.841400,4.156000,3.367000,2.586000,1.881000,1.038000,0.435000,0.058740,0.058170,0.036580,0.034510,21.610000,21.300000,18.660000,13.900000,7.663000,3.087000,0.408800,0.394600,0.244500,0.232300,0
0.700000,8.623000,66.742000,0.535300,0.668600,0.755300,0.809400,0.792400,0.779500,0.764300,0.760100,0.738600,0.729800,3.986000,3.257000,2.453000,1.677000,0.832800,0.121900,0.023300,0.024820,0.019110,0.021660,17.070000,17.420000,14.820000,10.860000,5.279000,0.760300,0.142500,0.150900,0.112900,0.126400,0
0.500000,6.884000,512.420000,1.054000,1.626000,1.572000,1.622000,1.674000,1.519000,1.486000,1.455000,1.374000,1.332000,7.506000,6.435000,5.443000,4.803000,4.383000,3.850000,3.350000,2.964000,2.710000,2.344000,63.310000,83.730000,68.460000,62.330000,58.710000,46.800000,39.820000,34.500000,29.780000,24.980000,3
0.522200,7.563000,434.450000,1.426000,1.513000,1.483000,1.603000,1.600000,1.499000,1.472000,1.453000,1.345000,1.297000,6.611000,5.575000,4.830000,4.169000,3.599000,3.126000,2.708000,2.303000,1.934000,1.711000,75.420000,67.490000,57.320000,53.450000,46.070000,37.470000,31.880000,26.780000,20.810000,17.760000,2
0.544400,7.301000,396.280000,1.109000,1.502000,1.477000,1.467000,1.487000,1.494000,1.443000,1.425000,1.392000,1.300000,6.730000,5.568000,4.800000,4.157000,3.669000,3.027000,2.466000,1.983000,1.654000,1.425000,59.700000,66.900000,56.720000,48.800000,43.670000,36.170000,28.470000,22.610000,18.420000,14.820000,2
0.566700,7.049000,342.860000,0.798100,1.264000,1.385000,1.428000,1.403000,1.367000,1.371000,1.337000,1.273000,1.280000,6.698000,5.664000,4.724000,4.205000,3.481000,2.845000,2.368000,1.820000,1.418000,1.210000,42.770000,57.260000,52.330000,48.040000,39.070000,31.110000,25.980000,19.470000,14.440000,12.390000,2
0.588900,7.677000,279.248000,0.988600,1.278000,1.373000,1.373000,1.332000,1.304000,1.307000,1.314000,1.276000,1.210000,5.763000,4.921000,4.223000,3.469000,2.863000,2.153000,1.603000,1.190000,0.900800,0.769800,45.580000,50.300000,46.390000,38.110000,30.500000,22.450000,16.760000,12.510000,9.197000,7.451000,1
0.611100,7.357000,235.863000,0.723900,1.021000,1.258000,1.324000,1.266000,1.264000,1.244000,1.215000,1.144000,1.095000,5.875000,5.069000,4.103000,3.454000,2.662000,2.030000,1.465000,1.001000,0.697600,0.498800,34.020000,41.420000,41.290000,36.580000,26.970000,20.530000,14.570000,9.728000,6.386000,4.369000,1
0.633300,8.024000,174.705000,0.842900,1.077000,1.212000,1.230000,1.162000,1.173000,1.144000,1.105000,1.030000,1.005000,5.123000,4.168000,3.542000,2.616000,1.851000,1.276000,0.720300,0.389300,0.303500,0.303400,34.540000,35.910000,34.350000,25.740000,17.210000,11.980000,6.593000,3.441000,2.502000,2.439000,0
0.655600,8.568000,126.202800,0.817000,1.039000,1.054000,1.135000,1.103000,1.078000,1.024000,0.959600,0.958000,0.923600,4.443000,3.698000,2.838000,2.057000,1.428000,0.755600,0.271100,0.113300,0.088800,0.126800,29.040000,30.740000,23.920000,18.670000,12.610000,6.515000,2.220000,0.870100,0.680500,0.937200,0
0.677800,8.424000,100.790500,0.668800,0.847900,0.968200,1.013000,1.029000,0.975800,0.962900,0.946100,0.939600,0.923100,4.369000,3.583000,2.801000,1.973000,1.262000,0.492300,0.047090,0.027700,0.037820,0.047510,23.370000,24.300000,21.700000,15.980000,10.390000,3.843000,0.362700,0.209700,0.284300,0.350800,0
0.700000,8.800000,71.493300,0.623800,0.778700,0.865900,0.880800,0.872300,0.845900,0.822400,0.818200,0.789600,0.783300,3.858000,3.181000,2.278000,1.457000,0.674000,0.100500,0.033290,0.037650,0.050900,0.032380,19.250000,19.820000,15.780000,10.270000,4.703000,0.680300,0.219100,0.246500,0.321500,0.202900,0
0.500000,6.750000,536.370000,1.033000,1.659000,1.728000,1.662000,1.732000,1.676000,1.571000,1.539000,1.350000,1.332000,7.693000,6.742000,5.548000,4.852000,4.386000,3.829000,3.259000,2.934000,2.546000,2.381000,63.580000,89.480000,76.700000,64.540000,60.790000,51.350000,40.950000,36.110000,27.500000,25.370000,3
0.522200,7.510000,461.000000,1.446000,1.683000,1.558000,1.687000,1.643000,1.590000,1.539000,1.521000,1.425000,1.313000,6.731000,5.638000,4.888000,4.222000,3.669000,3.120000,2.642000,2.361000,1.941000,1.712000,77.890000,75.920000,60.930000,56.970000,48.230000,39.690000,32.530000,28.740000,22.130000,17.970000,3
0.544400,7.181000,416.120000,1.083000,1.490000,1.529000,1.624000,1.606000,1.448000,1.459000,1.473000,1.383000,1.294000,6.922000,5.801000,4.903000,4.279000,3.676000,2.996000,2.433000,2.240000,1.789000,1.442000,59.970000,69.160000,59.960000,55.580000,47.230000,34.720000,28.390000,26.390000,19.790000,14.930000,2
0.566700,7.893000,341.250000,1.271000,1.438000,1.539000,1.583000,1.508000,1.417000,1.407000,1.337000,1.281000,1.252000,5.896000,5.014000,4.336000,3.680000,2.934000,2.339000,1.909000,1.557000,1.251000,1.076000,59.960000,57.690000,53.370000,46.590000,35.380000,26.510000,21.490000,16.660000,12.820000,10.780000,2
0.588900,7.552000,303.713000,1.052000,1.268000,1.442000,1.518000,1.464000,1.395000,1.376000,1.338000,1.297000,1.249000,6.131000,5.043000,4.199000,3.527000,2.888000,2.247000,1.816000,1.273000,0.922700,0.766800,51.570000,51.150000,48.420000,42.820000,33.820000,25.080000,19.990000,13.630000,9.571000,7.662000,1
0.611100,7.298000,259.040000,0.780300,1.189000,1.321000,1.429000,1.369000,1.400000,1.359000,1.388000,1.276000,1.242000,6.087000,5.109000,4.240000,3.540000,2.705000,1.976000,1.300000,0.881300,0.669400,0.467800,38.000000,48.600000,44.810000,40.470000,29.630000,22.130000,14.130000,9.787000,6.835000,4.648000,1
0.633300,8.098000,190.674000,0.923400,1.134000,1.293000,1.330000,1.216000,1.237000,1.187000,1.143000,1.065000,1.057000,5.201000,4.234000,3.500000,2.630000,1.887000,1.299000,0.773500,0.546500,0.411700,0.306500,38.420000,38.410000,36.200000,27.990000,18.350000,12.860000,7.346000,4.997000,3.508000,2.593000,1
0.655600,7.914000,156.075000,0.715900,0.972400,1.200000,1.199000,1.208000,1.141000,1.140000,1.084000,1.029000,1.021000,5.051000,4.352000,3.337000,2.492000,1.721000,1.090000,0.612800,0.263600,0.176200,0.175000,28.930000,33.860000,32.040000,23.910000,16.630000,9.951000,5.590000,2.285000,1.450000,1.429000,0
0.677800,8.684000,100.119200,0.786300,0.967800,1.064000,1.105000,1.057000,1.050000,1.038000,1.013000,0.992000,0.960100,4.273000,3.447000,2.556000,1.756000,0.718400,0.149700,0.053330,0.054280,0.060250,0.075360,26.880000,26.690000,21.750000,15.530000,6.073000,1.257000,0.442700,0.439600,0.478100,0.578800,0
0.700000,8.762000,74.780610,0.675600,0.802900,0.920400,0.916500,0.903500,0.871200,0.893500,0.887000,0.878800,0.872400,4.115000,3.237000,2.349000,1.305000,0.558800,0.063610,0.007437,0.013210,0.018740,0.017560,22.240000,20.790000,17.300000,9.567000,4.039000,0.443400,0.053160,0.093750,0.131800,0.122500,0
0.500000,7.518000,533.800000,1.656000,1.760000,1.744000,1.864000,1.685000,1.637000,1.579000,1.437000,1.395000,1.364000,6.832000,5.830000,5.252000,4.664000,3.930000,3.548000,3.129000,2.637000,2.359000,2.084000,90.510000,82.100000,73.270000,69.550000,52.990000,46.470000,39.530000,30.310000,26.330000,22.740000,3
0.522200,7.074000,496.760000,1.159000,1.699000,1.644000,1.749000,1.827000,1.704000,1.625000,1.500000,1.459000,1.387000,7.188000,6.049000,5.312000,4.663000,3.982000,3.374000,2.845000,2.357000,2.019000,1.778000,66.650000,82.240000,69.860000,65.250000,58.210000,45.990000,36.980000,28.280000,23.570000,19.730000,3
0.544400,7.761000,414.280000,1.410000,1.501000,1.690000,1.737000,1.669000,1.564000,1.480000,1.425000,1.412000,1.313000,6.343000,5.248000,4.642000,4.076000,3.385000,2.655000,2.240000,1.943000,1.657000,1.383000,71.530000,63.010000,62.770000,56.630000,45.190000,33.220000,26.520000,22.150000,18.720000,14.540000,2
0.566700,7.334000,371.620000,1.042000,1.411000,1.496000,1.643000,1.601000,1.610000,1.482000,1.424000,1.359000,1.326000,6.413000,5.487000,4.614000,3.986000,3.392000,2.658000,2.096000,1.699000,1.359000,1.126000,53.450000,61.930000,55.230000,52.400000,43.440000,34.230000,24.850000,19.360000,14.780000,11.950000,2
0.588900,7.913000,296.956000,1.140000,1.364000,1.510000,1.559000,1.495000,1.515000,1.454000,1.389000,1.314000,1.255000,5.663000,4.815000,3.958000,3.322000,2.613000,2.128000,1.621000,1.167000,0.804000,0.624300,51.630000,52.520000,47.810000,41.420000,31.250000,25.790000,18.860000,12.960000,8.449000,6.267000,2
0.611100,7.569000,258.493000,0.898800,1.144000,1.348000,1.342000,1.425000,1.414000,1.312000,1.327000,1.248000,1.171000,5.900000,4.804000,4.290000,3.447000,2.739000,2.020000,1.391000,0.956000,0.582900,0.445400,42.430000,43.990000,46.260000,37.010000,31.230000,22.840000,14.590000,10.150000,5.820000,4.173000,1
0.633300,8.267000,191.518000,0.943200,1.145000,1.305000,1.350000,1.410000,1.335000,1.310000,1.252000,1.203000,1.148000,4.965000,4.109000,3.519000,2.611000,1.915000,1.234000,0.768800,0.405600,0.267600,0.217200,37.460000,37.630000,36.750000,28.200000,21.610000,13.180000,8.056000,4.061000,2.576000,1.995000,1
0.655600,7.848000,164.220000,0.742200,0.961800,1.144000,1.208000,1.251000,1.253000,1.207000,1.208000,1.182000,1.137000,5.160000,4.238000,3.441000,2.838000,1.980000,1.104000,0.560600,0.242400,0.185600,0.184700,30.640000,32.610000,31.480000,27.430000,19.810000,11.060000,5.413000,2.342000,1.755000,1.680000,0
0.677800,8.350000,112.303400,0.735300,0.937500,1.035000,1.048000,1.067000,1.040000,1.025000,0.995300,0.989500,0.992800,4.490000,3.667000,2.875000,1.928000,1.275000,0.649600,0.103200,0.043040,0.049200,0.069090,26.410000,27.500000,23.810000,16.160000,10.890000,5.407000,0.845600,0.342700,0.389400,0.548700,0
0.700000,8.692000,82.588200,0.694200,0.834900,0.902900,0.947200,0.932400,0.921400,0.888700,0.876600,0.886300,0.879900,4.035000,3.321000,2.492000,1.653000,0.821200,0.091720,0.022270,0.029780,0.022390,0.020050,22.410000,22.190000,18.000000,12.520000,6.125000,0.676100,0.158300,0.208900,0.158700,0.141200,0
0.500000,7.446000,555.600000,1.771000,1.890000,1.747000,1.870000,1.771000,1.708000,1.551000,1.500000,1.442000,1.433000,7.036000,6.015000,5.302000,4.584000,3.985000,3.368000,3.015000,2.641000,2.325000,2.086000,99.670000,90.930000,74.090000,68.560000,56.460000,46.030000,37.420000,31.690000,26.830000,23.920000,3
0.522200,7.138000,506.430000,1.220000,1.830000,1.718000,1.715000,1.736000,1.604000,1.568000,1.538000,1.450000,1.369000,7.146000,6.080000,5.287000,4.684000,3.942000,3.466000,2.847000,2.508000,2.160000,1.816000,69.760000,88.990000,72.660000,64.280000,54.740000,44.480000,35.720000,30.850000,25.060000,19.890000,3
0.544400,7.619000,439.670000,1.563000,1.677000,1.621000,1.720000,1.688000,1.663000,1.617000,1.562000,1.448000,1.378000,6.509000,5.442000,4.635000,4.083000,3.294000,2.827000,2.362000,1.988000,1.503000,1.280000,81.400000,73.000000,60.090000,56.180000,44.470000,37.620000,30.560000,24.840000,17.410000,14.100000,3
0.566700,7.363000,398.250000,1.157000,1.603000,1.524000,1.623000,1.638000,1.612000,1.597000,1.524000,1.485000,1.401000,6.564000,5.471000,4.678000,4.065000,3.447000,2.763000,2.225000,1.697000,1.314000,1.069000,60.750000,70.170000,57.040000,52.790000,45.180000,35.620000,28.420000,20.690000,15.610000,11.980000,2
0.588900,7.071000,342.332000,0.807200,1.346000,1.477000,1.553000,1.570000,1.598000,1.538000,1.460000,1.376000,1.280000,6.680000,5.592000,4.538000,3.830000,3.246000,2.610000,2.131000,1.483000,1.080000,0.801200,43.140000,60.230000,53.620000,47.590000,40.770000,33.360000,26.210000,17.320000,11.890000,8.202000,2
0.611100,7.637000,284.703000,1.023000,1.336000,1.473000,1.503000,1.556000,1.589000,1.496000,1.349000,1.300000,1.249000,5.917000,4.779000,4.097000,3.340000,2.695000,2.066000,1.376000,0.889300,0.561700,0.502300,48.440000,51.080000,48.280000,40.180000,33.550000,26.260000,16.460000,9.595000,5.840000,5.018000,1
0.633300,7.293000,239.408000,0.723300,1.034000,1.277000,1.511000,1.500000,1.429000,1.411000,1.331000,1.334000,1.245000,6.001000,5.103000,4.174000,3.303000,2.625000,1.849000,1.178000,0.695600,0.393500,0.234300,34.720000,42.230000,42.630000,39.940000,31.510000,21.140000,13.300000,7.406000,4.198000,2.334000,1
0.655600,8.009000,168.034000,0.834400,1.012000,1.318000,1.335000,1.337000,1.298000,1.240000,1.206000,1.138000,1.139000,5.055000,4.249000,3.424000,2.496000,1.656000,0.961500,0.499200,0.216900,0.139200,0.120200,33.740000,34.410000,36.120000,26.660000,17.710000,9.985000,4.954000,2.093000,1.267000,1.095000,0
0.677800,8.561000,119.962500,0.846500,1.044000,1.168000,1.119000,1.097000,1.058000,1.031000,1.012000,0.975300,0.960800,4.523000,3.710000,2.799000,1.892000,0.979300,0.371300,0.139200,0.133500,0.099910,0.063100,30.630000,31.000000,26.160000,16.940000,8.597000,3.142000,1.148000,1.081000,0.779500,0.485000,0
0.700000,8.461000,95.459400,0.650400,0.841400,1.031000,1.073000,1.083000,0.994400,0.960300,0.937800,0.949500,0.936800,4.302000,3.473000,2.736000,1.891000,0.991200,0.152100,0.026610,0.057740,0.024010,0.037680,22.380000,23.380000,22.560000,16.240000,8.587000,1.210000,0.204400,0.433200,0.182400,0.282400,0
0.500000,6.939000,595.930000,1.285000,1.996000,1.875000,1.838000,1.846000,1.721000,1.644000,1.578000,1.468000,1.466000,7.700000,6.666000,5.625000,4.925000,4.488000,3.705000,3.278000,2.812000,2.578000,2.340000,79.170000,106.400000,84.360000,72.400000,66.270000,50.990000,43.110000,35.510000,30.270000,27.450000,3
0.522200,7.465000,514.730000,1.642000,1.816000,1.823000,1.780000,1.724000,1.748000,1.665000,1.521000,1.463000,1.404000,6.838000,5.789000,5.138000,4.368000,3.742000,3.235000,2.777000,2.316000,1.933000,1.692000,89.850000,84.100000,74.930000,62.190000,51.620000,45.230000,36.990000,28.190000,22.620000,19.010000,3
0.544400,7.173000,466.520000,1.177000,1.768000,1.658000,1.709000,1.689000,1.700000,1.570000,1.501000,1.430000,1.385000,7.075000,5.854000,5.072000,4.391000,3.813000,3.128000,2.563000,2.184000,1.773000,1.538000,66.600000,82.790000,67.280000,60.040000,51.530000,42.540000,32.190000,26.220000,20.290000,17.040000,3
0.566700,7.718000,395.370000,1.428000,1.577000,1.655000,1.673000,1.621000,1.681000,1.576000,1.454000,1.428000,1.375000,6.355000,5.306000,4.580000,3.753000,2.997000,2.668000,2.092000,1.540000,1.230000,1.079000,72.620000,66.940000,60.630000,50.220000,38.860000,35.880000,26.380000,17.920000,14.060000,11.860000,2
0.588900,7.271000,346.983000,0.965300,1.386000,1.503000,1.659000,1.563000,1.521000,1.523000,1.481000,1.415000,1.335000,6.468000,5.460000,4.690000,4.021000,3.161000,2.305000,1.732000,1.409000,1.086000,0.843800,49.950000,60.560000,56.390000,53.370000,39.540000,28.060000,21.110000,16.700000,12.290000,9.013000,2
0.611100,7.738000,282.790000,1.092000,1.363000,1.523000,1.597000,1.526000,1.466000,1.402000,1.323000,1.303000,1.195000,5.751000,4.783000,4.190000,3.295000,2.391000,1.785000,1.283000,0.869300,0.708500,0.640500,50.240000,52.160000,51.050000,42.110000,29.180000,20.940000,14.400000,9.200000,7.385000,6.125000,1
0.633300,7.307000,251.696000,0.796500,1.104000,1.447000,1.503000,1.490000,1.381000,1.332000,1.273000,1.244000,1.171000,6.141000,5.009000,4.252000,3.492000,2.642000,1.839000,1.213000,0.675500,0.309700,0.262200,39.130000,44.250000,49.210000,41.980000,31.480000,20.310000,12.920000,6.877000,3.082000,2.457000,1
0.655600,7.873000,191.096800,0.865200,1.155000,1.314000,1.360000,1.347000,1.322000,1.254000,1.203000,1.152000,1.142000,5.570000,4.456000,3.598000,2.774000,1.859000,1.194000,0.654100,0.262500,0.083080,0.093490,38.550000,41.170000,37.830000,30.170000,20.040000,12.630000,6.561000,2.526000,0.765600,0.854200,1
0.677800,8.373000,134.372200,0.798500,1.098000,1.300000,1.255000,1.247000,1.189000,1.117000,1.090000,1.078000,1.083000,4.729000,3.881000,2.932000,1.962000,1.226000,0.569200,0.090950,0.046140,0.061630,0.054650,30.210000,34.100000,30.490000,19.700000,12.240000,5.412000,0.812900,0.402300,0.531600,0.473400,0
0.700000,7.916000,120.627600,0.637900,0.835600,1.056000,1.177000,1.197000,1.151000,1.150000,1.158000,1.137000,1.114000,4.784000,4.157000,3.144000,2.271000,1.363000,0.558900,0.058460,0.042010,0.068050,0.083380,24.420000,27.790000,26.550000,21.380000,13.050000,5.148000,0.538100,0.389300,0.619100,0.743100,0
0.500000,7.434000,589.200000,1.809000,2.023000,1.766000,1.907000,1.808000,1.726000,1.713000,1.690000,1.565000,1.505000,7.215000,6.056000,5.214000,4.547000,4.000000,3.516000,3.073000,2.746000,2.436000,2.292000,104.400000,98.000000,73.660000,69.380000,57.870000,48.540000,42.120000,37.140000,30.500000,27.590000,3
0.522200,6.976000,551.960000,1.238000,1.947000,1.743000,1.765000,1.941000,1.799000,1.828000,1.654000,1.495000,1.446000,7.690000,6.336000,5.277000,4.738000,4.251000,3.449000,2.923000,2.466000,2.050000,1.820000,76.180000,98.680000,73.580000,66.900000,66.010000,49.650000,42.740000,32.640000,24.530000,21.050000,3
0.544400,7.533000,466.970000,1.497000,1.865000,1.699000,1.679000,1.738000,1.748000,1.701000,1.643000,1.555000,1.459000,6.719000,5.636000,4.719000,3.980000,3.563000,2.896000,2.275000,1.907000,1.706000,1.503000,80.460000,84.070000,64.150000,53.460000,49.550000,40.490000,30.960000,25.070000,21.220000,17.540000,3
0.566700,7.059000,427.520000,1.014000,1.615000,1.670000,1.686000,1.675000,1.690000,1.689000,1.597000,1.502000,1.443000,7.030000,5.977000,4.979000,4.252000,3.586000,2.650000,2.330000,1.895000,1.413000,1.115000,57.000000,77.230000,66.500000,57.360000,48.050000,35.820000,31.490000,24.210000,16.980000,12.880000,2
0.588900,7.714000,344.213000,1.152000,1.558000,1.602000,1.630000,1.637000,1.635000,1.653000,1.493000,1.440000,1.339000,6.114000,5.230000,4.335000,3.646000,2.871000,2.199000,1.599000,1.128000,0.903700,0.768600,56.330000,65.190000,55.540000,47.530000,37.590000,28.770000,21.140000,13.480000,10.410000,8.233000,2
0.611100,7.169000,305.433000,0.830600,1.236000,1.504000,1.572000,1.536000,1.520000,1.478000,1.463000,1.369000,1.272000,6.547000,5.499000,4.486000,3.776000,3.067000,2.124000,1.466000,0.985900,0.664700,0.632200,43.500000,54.370000,53.970000,47.500000,37.690000,25.820000,17.330000,11.540000,7.278000,6.435000,2
0.633300,7.865000,234.503000,0.973900,1.231000,1.384000,1.492000,1.507000,1.465000,1.439000,1.392000,1.273000,1.164000,5.561000,4.629000,3.940000,3.092000,2.120000,1.479000,0.840400,0.488700,0.363700,0.358700,43.320000,45.600000,43.630000,36.910000,25.550000,17.330000,9.677000,5.441000,3.703000,3.342000,1
0.655600,8.393000,179.734000,1.017000,1.237000,1.391000,1.374000,1.313000,1.177000,1.176000,1.120000,1.068000,1.039000,5.005000,3.990000,3.194000,2.449000,1.680000,0.991400,0.501400,0.272800,0.189700,0.158600,40.710000,39.470000,35.560000,26.920000,17.640000,9.332000,4.718000,2.444000,1.621000,1.319000,1
0.677800,7.807000,151.621700,0.651800,0.947800,1.130000,1.281000,1.322000,1.269000,1.249000,1.162000,1.150000,1.133000,5.069000,4.342000,3.596000,2.602000,1.626000,0.954300,0.356900,0.106900,0.092500,0.087110,26.430000,32.920000,32.510000,26.670000,17.200000,9.689000,3.568000,0.994300,0.850800,0.789600,0
0.700000,8.505000,106.358700,0.759100,0.971200,1.040000,1.154000,1.138000,1.084000,1.056000,1.026000,1.017000,0.985000,4.291000,3.582000,2.776000,1.750000,0.981600,0.243800,0.037220,0.036150,0.078280,0.117000,26.060000,27.830000,23.090000,16.160000,8.933000,2.115000,0.314400,0.296900,0.637200,0.922200,0
0.500000,6.620000,634.620000,1.109000,1.890000,1.974000,1.892000,1.939000,1.884000,1.789000,1.724000,1.624000,1.584000,8.183000,7.049000,6.016000,5.221000,4.525000,3.980000,3.355000,2.935000,2.574000,2.304000,72.620000,106.600000,95.010000,79.040000,70.200000,60.000000,48.020000,40.490000,33.450000,29.190000,3
0.522200,7.292000,556.040000,1.576000,1.976000,1.888000,1.887000,1.856000,1.782000,1.737000,1.663000,1.610000,1.496000,7.320000,6.022000,5.213000,4.629000,3.915000,3.137000,2.697000,2.398000,2.046000,1.785000,92.270000,95.210000,78.750000,69.880000,58.120000,44.710000,37.480000,31.910000,26.350000,21.360000,3
0.544400,6.976000,494.610000,1.089000,1.738000,1.753000,1.728000,1.837000,1.827000,1.797000,1.652000,1.540000,1.464000,7.260000,6.101000,5.315000,4.600000,3.979000,3.125000,2.628000,2.093000,1.712000,1.513000,63.270000,84.820000,74.550000,63.580000,58.470000,45.670000,37.780000,27.660000,21.100000,17.710000,3
0.566700,7.600000,426.710000,1.444000,1.695000,1.816000,1.817000,1.770000,1.678000,1.595000,1.535000,1.462000,1.410000,6.492000,5.405000,4.705000,3.808000,3.180000,2.536000,2.049000,1.641000,1.359000,1.193000,75.000000,73.290000,68.360000,55.340000,45.040000,34.040000,26.140000,20.150000,15.900000,13.450000,3
0.588900,7.208000,379.397000,1.022000,1.485000,1.620000,1.698000,1.681000,1.690000,1.590000,1.504000,1.479000,1.391000,6.643000,5.690000,4.704000,4.076000,3.233000,2.596000,1.882000,1.394000,1.024000,0.873400,54.330000,67.620000,60.950000,55.380000,43.490000,35.090000,23.930000,16.770000,12.120000,9.717000,2
0.611100,7.846000,289.243000,1.160000,1.448000,1.518000,1.586000,1.570000,1.490000,1.429000,1.430000,1.363000,1.315000,5.716000,4.766000,4.126000,3.273000,2.515000,1.793000,1.157000,0.833800,0.674600,0.594700,53.030000,55.220000,50.100000,41.540000,31.590000,21.380000,13.230000,9.540000,7.357000,6.256000,2
0.633300,7.525000,252.869000,0.908200,1.194000,1.446000,1.578000,1.565000,1.489000,1.416000,1.402000,1.304000,1.223000,5.870000,4.994000,3.947000,3.385000,2.365000,1.567000,1.049000,0.623800,0.360300,0.327300,42.640000,47.720000,45.660000,42.720000,29.610000,18.670000,11.890000,6.996000,3.760000,3.203000,1
0.655600,8.206000,188.063400,0.970200,1.226000,1.435000,1.459000,1.466000,1.398000,1.346000,1.295000,1.214000,1.212000,4.951000,4.303000,3.318000,2.482000,1.641000,1.040000,0.477100,0.196000,0.099380,0.140100,38.430000,42.190000,38.100000,28.970000,19.250000,11.630000,5.140000,2.030000,0.965400,1.358000,1
0.677800,8.181000,140.216000,0.868000,1.036000,1.165000,1.159000,1.180000,1.233000,1.176000,1.123000,1.118000,1.109000,4.844000,3.978000,3.057000,2.137000,1.354000,0.718300,0.180100,0.126300,0.136400,0.156000,33.640000,32.960000,28.500000,19.810000,12.790000,7.083000,1.695000,1.135000,1.220000,1.383000,0
0.700000,8.594000,101.715800,0.835100,0.957000,1.059000,1.057000,1.092000,1.037000,1.010000,0.992800,0.982600,0.993000,4.221000,3.672000,2.615000,1.550000,0.777600,0.146000,0.027500,0.059180,0.094540,0.089800,28.200000,28.110000,22.150000,13.100000,6.796000,1.211000,0.222200,0.470000,0.743200,0.713400,0
0.500000,7.535000,420.340000,1.295000,1.395000,1.388000,1.448000,1.366000,1.326000,1.252000,1.286000,1.218000,1.157000,6.677000,5.574000,4.960000,4.412000,3.792000,3.442000,3.127000,2.777000,2.475000,2.244000,69.190000,62.210000,55.080000,51.120000,41.440000,36.500000,31.330000,28.580000,24.120000,20.770000,2
0.522200,7.106000,381.740000,0.943700,1.311000,1.250000,1.372000,1.404000,1.295000,1.246000,1.231000,1.202000,1.206000,7.056000,5.880000,4.985000,4.382000,3.831000,3.285000,2.800000,2.534000,2.178000,1.861000,53.270000,61.660000,49.870000,48.090000,43.030000,34.030000,27.920000,24.960000,20.950000,17.960000,2
0.544400,7.961000,306.370000,1.150000,1.236000,1.286000,1.306000,1.309000,1.260000,1.179000,1.124000,1.086000,1.075000,5.822000,4.946000,4.261000,3.650000,3.158000,2.707000,2.242000,1.810000,1.477000,1.323000,53.540000,48.900000,43.820000,38.130000,33.060000,27.290000,21.140000,16.270000,12.840000,11.380000,2
0.566700,7.753000,273.894000,0.980100,1.148000,1.253000,1.233000,1.234000,1.240000,1.204000,1.167000,1.112000,1.069000,5.933000,4.985000,4.290000,3.532000,2.954000,2.420000,1.863000,1.488000,1.174000,0.971800,46.520000,45.770000,43.010000,34.840000,29.170000,24.000000,17.940000,13.890000,10.440000,8.314000,1
0.588900,7.556000,237.545000,0.780500,1.064000,1.140000,1.171000,1.151000,1.149000,1.116000,1.134000,1.100000,1.056000,5.975000,5.025000,4.231000,3.493000,2.775000,2.234000,1.677000,1.240000,0.905800,0.696800,37.310000,42.760000,38.590000,32.740000,25.550000,20.530000,14.960000,11.250000,7.969000,5.886000,1
0.611100,8.316000,171.270000,0.867500,1.066000,1.073000,1.042000,1.077000,1.092000,1.040000,0.990000,0.933800,0.904300,5.056000,4.208000,3.452000,2.707000,2.065000,1.522000,0.983000,0.541500,0.322300,0.295100,35.090000,35.880000,29.620000,22.570000,17.800000,13.300000,8.179000,4.288000,2.408000,2.135000,1
0.633300,8.021000,145.953000,0.675000,0.880900,1.033000,1.039000,1.011000,1.000000,1.002000,0.930300,0.905400,0.867300,5.151000,4.213000,3.513000,2.724000,1.982000,1.278000,0.720500,0.309100,0.176700,0.166400,27.820000,29.690000,29.040000,22.640000,16.030000,10.220000,5.778000,2.301000,1.280000,1.154000,0
0.655600,8.001000,119.062000,0.597200,0.760900,0.903500,0.945400,0.936000,0.925300,0.940100,0.893100,0.845900,0.832000,4.973000,4.119000,3.262000,2.569000,1.747000,1.044000,0.525500,0.134300,0.101700,0.122500,23.760000,25.070000,23.580000,19.430000,13.080000,7.727000,3.952000,0.959700,0.688000,0.815300,0
0.677800,8.455000,82.637300,0.557500,0.700900,0.803600,0.841100,0.854100,0.815400,0.813500,0.778100,0.760800,0.753000,4.404000,3.491000,2.739000,1.952000,1.159000,0.530000,0.066610,0.040880,0.049720,0.053570,19.640000,19.570000,17.610000,13.130000,7.917000,3.457000,0.433500,0.254500,0.302600,0.322700,0
0.700000,8.602000,61.680660,0.508200,0.612700,0.681000,0.716300,0.716800,0.693300,0.691200,0.689100,0.683000,0.673400,4.051000,3.275000,2.455000,1.624000,0.898000,0.174500,0.013580,0.010880,0.018740,0.021730,16.470000,16.060000,13.370000,9.308000,5.150000,0.968100,0.075110,0.059950,0.102400,0.117100,0
0.500000,6.775000,467.090000,0.959500,1.468000,1.445000,1.472000,1.501000,1.435000,1.381000,1.335000,1.309000,1.233000,7.657000,6.394000,5.428000,4.799000,4.265000,3.753000,3.331000,2.998000,2.636000,2.351000,58.770000,75.100000,62.750000,56.520000,51.220000,43.090000,36.810000,32.020000,27.610000,23.200000,3
0.522200,7.600000,391.370000,1.246000,1.367000,1.415000,1.487000,1.457000,1.390000,1.270000,1.282000,1.300000,1.193000,6.448000,5.396000,4.714000,4.158000,3.634000,3.113000,2.638000,2.334000,2.029000,1.731000,64.260000,58.990000,53.360000,49.450000,42.360000,34.620000,26.790000,23.940000,21.090000,16.510000,2
0.544400,7.364000,351.240000,0.994400,1.266000,1.345000,1.440000,1.435000,1.361000,1.331000,1.309000,1.312000,1.240000,6.575000,5.426000,4.640000,3.993000,3.386000,2.866000,2.398000,1.948000,1.687000,1.444000,52.310000,54.960000,49.920000,46.010000,38.880000,31.200000,25.540000,20.400000,17.700000,14.320000,2
0.566700,8.062000,287.480000,1.153000,1.221000,1.294000,1.348000,1.281000,1.259000,1.258000,1.239000,1.237000,1.207000,5.601000,4.800000,4.116000,3.451000,2.883000,2.329000,1.896000,1.434000,1.218000,1.114000,51.660000,46.900000,42.610000,37.210000,29.540000,23.460000,19.080000,14.220000,12.050000,10.750000,2
0.588900,7.801000,249.095000,0.929800,1.134000,1.212000,1.236000,1.231000,1.227000,1.197000,1.162000,1.132000,1.085000,5.795000,4.690000,4.117000,3.346000,2.647000,2.148000,1.702000,1.267000,0.936300,0.777000,43.110000,42.540000,39.920000,33.080000,26.060000,21.080000,16.300000,11.780000,8.482000,6.743000,1
0.611100,7.642000,209.544000,0.776700,1.016000,1.150000,1.129000,1.178000,1.176000,1.142000,1.079000,1.071000,1.053000,5.738000,4.711000,3.926000,3.237000,2.620000,1.899000,1.319000,0.810900,0.549200,0.468000,35.650000,38.290000,36.120000,29.240000,24.690000,17.860000,12.050000,6.998000,4.704000,3.942000,1
0.633300,8.438000,148.213000,0.822400,1.043000,1.078000,1.058000,1.114000,1.107000,1.026000,0.967500,0.933900,0.918600,4.799000,3.861000,3.221000,2.442000,1.798000,1.205000,0.620300,0.220600,0.160500,0.176500,31.570000,32.220000,27.770000,20.660000,16.030000,10.670000,5.090000,1.707000,1.199000,1.297000,0
0.655600,8.515000,115.508200,0.736200,0.921600,1.009000,0.984300,0.969900,0.956400,0.914100,0.881900,0.857000,0.822500,4.555000,3.671000,2.919000,2.133000,1.466000,0.804200,0.252800,0.065690,0.084990,0.126300,26.830000,27.070000,23.550000,16.800000,11.380000,6.153000,1.848000,0.463500,0.582700,0.831000,0
0.677800,8.500000,88.918200,0.599400,0.771800,0.892900,0.911200,0.890400,0.862000,0.863700,0.843500,0.828400,0.822000,4.377000,3.483000,2.696000,1.965000,1.159000,0.482000,0.037380,0.029450,0.050490,0.071410,20.990000,21.510000,19.260000,14.320000,8.253000,3.324000,0.258300,0.198700,0.334600,0.469600,0
0.700000,8.205000,71.534180,0.493000,0.604600,0.714700,0.760900,0.769700,0.764000,0.755600,0.743600,0.726900,0.716500,4.347000,3.568000,2.775000,1.919000,1.119000,0.371900,0.009641,0.017700,0.022600,0.023590,17.140000,17.260000,15.860000,11.680000,6.891000,2.273000,0.058280,0.105300,0.131400,0.135200,0
0.500000,6.662000,500.420000,0.913200,1.534000,1.579000,1.565000,1.589000,1.508000,1.472000,1.331000,1.350000,1.284000,7.671000,6.586000,5.665000,4.990000,4.437000,3.914000,3.430000,3.018000,2.689000,2.372000,56.040000,80.810000,71.570000,62.480000,56.400000,47.200000,40.380000,32.120000,29.050000,24.370000,3
0.522200,7.353000,436.890000,1.203000,1.519000,1.499000,1.530000,1.474000,1.446000,1.450000,1.408000,1.326000,1.267000,6.824000,5.786000,5.009000,4.445000,3.817000,3.301000,2.882000,2.474000,2.152000,1.881000,65.670000,70.340000,60.070000,54.410000,45.010000,38.190000,33.430000,27.870000,22.830000,19.070000,2
0.544400,7.179000,387.100000,0.991300,1.348000,1.401000,1.474000,1.462000,1.383000,1.408000,1.461000,1.396000,1.288000,6.814000,5.636000,4.953000,4.325000,3.577000,3.123000,2.641000,2.157000,1.747000,1.446000,54.040000,60.800000,55.500000,51.010000,41.830000,34.550000,29.750000,25.210000,19.510000,14.900000,2
0.566700,7.917000,308.823000,1.164000,1.311000,1.384000,1.446000,1.400000,1.411000,1.296000,1.289000,1.226000,1.195000,5.761000,4.833000,4.356000,3.594000,3.020000,2.457000,1.817000,1.349000,1.108000,0.991600,53.650000,50.690000,48.240000,41.580000,33.830000,27.740000,18.840000,13.910000,10.860000,9.483000,2
0.588900,7.594000,276.703000,0.911500,1.165000,1.289000,1.378000,1.359000,1.300000,1.292000,1.266000,1.245000,1.182000,5.861000,4.996000,4.263000,3.643000,2.895000,2.315000,1.748000,1.274000,0.962700,0.755600,42.740000,46.570000,43.970000,40.170000,31.480000,24.080000,18.060000,12.900000,9.590000,7.143000,1
0.611100,7.370000,233.136000,0.715200,1.018000,1.205000,1.293000,1.231000,1.238000,1.218000,1.173000,1.141000,1.076000,5.874000,4.910000,4.180000,3.594000,2.820000,2.094000,1.459000,0.989300,0.654200,0.473600,33.610000,40.000000,40.310000,37.170000,27.760000,20.740000,14.220000,9.282000,5.969000,4.075000,1
0.633300,8.041000,169.909000,0.811900,1.033000,1.135000,1.136000,1.147000,1.140000,1.122000,1.058000,1.020000,0.970100,5.083000,4.258000,3.468000,2.795000,2.080000,1.377000,0.774100,0.345700,0.204700,0.210600,33.010000,35.190000,31.490000,25.400000,19.080000,12.560000,6.947000,2.927000,1.670000,1.635000,0
0.655600,7.720000,144.991500,0.635700,0.842900,0.998400,1.123000,1.105000,1.057000,1.029000,1.006000,0.970400,0.967400,5.198000,4.308000,3.619000,2.856000,2.009000,1.161000,0.558800,0.139300,0.112700,0.102300,26.430000,29.050000,28.900000,25.660000,17.750000,9.815000,4.599000,1.121000,0.874700,0.791800,0
0.677800,8.505000,96.701300,0.662500,0.840600,0.953500,0.988100,0.993800,0.970500,0.942900,0.931800,0.908300,0.873900,4.293000,3.555000,2.715000,1.917000,1.128000,0.437400,0.038170,0.033760,0.075280,0.104000,22.750000,23.910000,20.710000,15.150000,8.972000,3.396000,0.287900,0.251600,0.547000,0.726800,0
0.700000,8.005000,80.591370,0.490500,0.650300,0.760100,0.859200,0.864800,0.842800,0.815900,0.804300,0.792600,0.781100,4.444000,3.663000,2.856000,2.016000,1.283000,0.494500,0.024710,0.014460,0.030220,0.034310,17.440000,19.050000,17.370000,13.860000,8.876000,3.335000,0.161300,0.093070,0.191600,0.214400,0
0.500000,7.328000,515.650000,1.472000,1.690000,1.617000,1.617000,1.615000,1.545000,1.556000,1.526000,1.428000,1.291000,7.116000,6.023000,5.183000,4.640000,4.099000,3.630000,3.252000,2.849000,2.446000,2.161000,83.820000,81.450000,67.040000,60.010000,52.960000,44.850000,40.490000,34.770000,27.940000,22.320000,3
0.522200,6.988000,478.540000,1.115000,1.636000,1.589000,1.559000,1.574000,1.543000,1.606000,1.570000,1.463000,1.369000,7.217000,6.096000,5.343000,4.542000,4.034000,3.423000,3.100000,2.591000,2.124000,1.783000,64.360000,79.760000,67.930000,56.660000,50.810000,42.270000,39.820000,32.540000,24.860000,19.530000,3
0.544400,7.698000,402.290000,1.454000,1.548000,1.495000,1.540000,1.544000,1.510000,1.473000,1.360000,1.331000,1.313000,6.263000,5.286000,4.608000,3.986000,3.340000,2.910000,2.473000,2.037000,1.613000,1.416000,72.830000,65.470000,55.120000,49.100000,41.270000,35.150000,29.140000,22.160000,17.170000,14.880000,2
0.566700,7.398000,366.590000,1.117000,1.485000,1.532000,1.515000,1.481000,1.428000,1.430000,1.417000,1.360000,1.294000,6.552000,5.460000,4.482000,3.963000,3.312000,2.583000,2.240000,1.791000,1.306000,1.091000,58.550000,64.890000,54.930000,48.020000,39.230000,29.520000,25.620000,20.310000,14.220000,11.300000,2
0.588900,8.041000,279.370000,1.240000,1.395000,1.444000,1.405000,1.386000,1.370000,1.318000,1.278000,1.244000,1.149000,5.602000,4.589000,3.884000,3.245000,2.500000,1.941000,1.478000,1.064000,0.845700,0.802700,55.580000,51.190000,44.870000,36.480000,27.720000,21.270000,15.580000,10.880000,8.419000,7.381000,2
0.611100,7.679000,242.308000,0.911100,1.219000,1.347000,1.427000,1.295000,1.257000,1.201000,1.203000,1.172000,1.089000,5.679000,4.770000,3.897000,3.235000,2.516000,1.835000,1.287000,0.847300,0.612100,0.538900,41.400000,46.500000,42.000000,36.930000,26.070000,18.460000,12.360000,8.157000,5.738000,4.693000,1
0.633300,8.337000,180.108000,0.956100,1.239000,1.307000,1.247000,1.242000,1.204000,1.165000,1.109000,1.067000,1.003000,4.833000,4.023000,3.323000,2.511000,1.715000,1.196000,0.750800,0.444700,0.265100,0.213700,36.970000,39.870000,34.740000,25.050000,17.040000,11.520000,6.997000,3.945000,2.262000,1.714000,1
0.655600,7.923000,154.275000,0.767100,0.956400,1.108000,1.148000,1.154000,1.167000,1.128000,1.083000,1.048000,1.012000,5.039000,4.268000,3.432000,2.432000,1.731000,1.167000,0.645800,0.257300,0.153200,0.212900,30.920000,32.650000,30.420000,22.340000,15.980000,10.900000,5.827000,2.229000,1.285000,1.724000,0
0.677800,7.718000,124.041000,0.568400,0.815700,0.969400,1.031000,1.095000,1.129000,1.096000,1.041000,1.021000,1.004000,4.876000,4.266000,3.279000,2.462000,1.685000,0.986600,0.320000,0.068500,0.084120,0.069220,22.170000,27.840000,25.430000,20.310000,14.760000,8.913000,2.805000,0.570400,0.686700,0.555900,0
0.700000,8.482000,79.723300,0.629500,0.800800,0.886600,0.900700,0.904500,0.882900,0.872100,0.860900,0.835600,0.833100,4.109000,3.450000,2.463000,1.662000,0.794700,0.088520,0.016690,0.026960,0.050470,0.071660,20.690000,22.100000,17.470000,11.970000,5.751000,0.625200,0.116400,0.185700,0.337400,0.477600,0
0.500000,6.972000,567.690000,1.282000,1.854000,1.708000,1.720000,1.769000,1.648000,1.556000,1.548000,1.435000,1.404000,7.562000,6.418000,5.544000,4.951000,4.464000,3.938000,3.454000,2.918000,2.652000,2.352000,77.540000,95.200000,75.730000,68.120000,63.190000,51.920000,42.980000,36.150000,30.450000,26.410000,3
0.522200,7.562000,477.340000,1.546000,1.718000,1.622000,1.658000,1.609000,1.634000,1.607000,1.499000,1.441000,1.343000,6.594000,5.698000,4.865000,4.352000,3.780000,3.243000,2.772000,2.304000,2.006000,1.788000,81.540000,78.290000,63.140000,57.730000,48.660000,42.390000,35.640000,27.620000,23.120000,19.210000,3
0.544400,7.257000,438.500000,1.219000,1.609000,1.579000,1.682000,1.677000,1.666000,1.551000,1.502000,1.410000,1.338000,6.803000,5.702000,4.872000,4.284000,3.683000,3.011000,2.521000,2.012000,1.681000,1.452000,66.340000,73.420000,61.550000,57.670000,49.420000,40.150000,31.280000,24.170000,18.960000,15.540000,2
0.566700,7.874000,358.500000,1.414000,1.529000,1.619000,1.632000,1.522000,1.540000,1.451000,1.374000,1.349000,1.294000,5.929000,4.817000,4.345000,3.653000,2.944000,2.487000,1.915000,1.471000,1.174000,1.065000,67.050000,58.900000,56.270000,47.700000,35.850000,30.640000,22.230000,16.170000,12.670000,11.020000,2
0.588900,7.578000,318.534000,1.108000,1.402000,1.441000,1.521000,1.503000,1.536000,1.482000,1.418000,1.311000,1.276000,6.026000,4.980000,4.241000,3.665000,2.877000,2.306000,1.777000,1.204000,0.885200,0.868300,53.420000,55.850000,48.870000,44.580000,34.600000,28.340000,21.070000,13.660000,9.282000,8.862000,2
0.611100,7.182000,280.199000,0.796400,1.196000,1.317000,1.442000,1.417000,1.512000,1.474000,1.371000,1.307000,1.194000,6.195000,5.254000,4.339000,3.693000,2.891000,2.280000,1.680000,1.079000,0.588200,0.417200,39.470000,50.280000,45.730000,42.590000,32.780000,27.570000,19.800000,11.840000,6.152000,3.987000,1
0.633300,7.762000,215.251000,0.888700,1.211000,1.262000,1.342000,1.423000,1.435000,1.404000,1.331000,1.283000,1.226000,5.471000,4.575000,3.707000,2.959000,2.249000,1.482000,0.908300,0.469400,0.285600,0.212400,38.900000,44.310000,37.440000,31.780000,25.600000,17.010000,10.200000,4.997000,2.932000,2.082000,1
0.655600,8.421000,147.648800,0.933900,1.181000,1.169000,1.247000,1.207000,1.182000,1.166000,1.101000,1.081000,1.056000,4.865000,3.889000,3.047000,2.161000,1.338000,0.665600,0.190700,0.101100,0.151500,0.153000,36.350000,36.760000,28.490000,21.550000,12.930000,6.296000,1.779000,0.890800,1.310000,1.293000,0
0.677800,8.299000,120.891000,0.749100,0.976800,1.134000,1.172000,1.196000,1.179000,1.100000,1.079000,1.065000,1.041000,4.589000,3.691000,2.855000,1.961000,1.170000,0.535500,0.192400,0.091630,0.080850,0.102700,27.500000,28.840000,25.900000,18.380000,11.190000,5.053000,1.693000,0.790700,0.688700,0.855600,0
0.700000,8.629000,83.475300,0.712100,0.918400,0.968200,1.007000,0.978600,0.951200,0.933600,0.923600,0.908800,0.885900,4.114000,3.332000,2.314000,1.416000,0.626700,0.024250,0.028790,0.029660,0.045920,0.053130,23.430000,24.480000,17.920000,11.410000,4.906000,0.184500,0.215100,0.219200,0.333900,0.376600,0
0.500000,6.652000,591.440000,1.055000,1.746000,1.938000,1.764000,1.861000,1.825000,1.608000,1.567000,1.440000,1.371000,7.995000,6.958000,5.737000,5.108000,4.560000,4.107000,3.441000,2.979000,2.617000,2.384000,67.510000,97.170000,88.950000,72.070000,67.880000,59.960000,44.270000,37.340000,30.140000,26.150000,3
0.522200,7.176000,519.310000,1.333000,1.753000,1.765000,1.820000,1.865000,1.709000,1.614000,1.551000,1.445000,1.394000,7.206000,5.954000,5.275000,4.467000,3.961000,3.343000,2.880000,2.568000,2.163000,1.844000,76.870000,83.500000,74.490000,65.030000,59.110000,45.690000,37.180000,31.860000,25.010000,20.570000,3
0.544400,6.915000,473.440000,1.001000,1.654000,1.670000,1.658000,1.773000,1.773000,1.695000,1.519000,1.496000,1.421000,7.101000,6.153000,5.253000,4.541000,3.866000,3.281000,2.704000,2.243000,1.837000,1.538000,56.890000,81.400000,70.170000,60.220000,54.840000,46.540000,36.670000,27.250000,21.980000,17.480000,3
0.566700,7.503000,384.320000,1.244000,1.547000,1.566000,1.683000,1.777000,1.650000,1.600000,1.533000,1.502000,1.394000,6.366000,5.291000,4.452000,3.687000,3.280000,2.571000,2.006000,1.549000,1.146000,0.990200,63.360000,65.480000,55.790000,49.650000,46.630000,33.940000,25.680000,18.990000,13.760000,11.040000,2
0.588900,7.081000,340.823000,0.835000,1.249000,1.438000,1.643000,1.610000,1.617000,1.562000,1.540000,1.426000,1.362000,6.501000,5.553000,4.627000,3.945000,3.174000,2.484000,2.016000,1.462000,0.994500,0.850800,43.430000,55.470000,53.210000,51.860000,40.900000,32.140000,25.190000,18.010000,11.340000,9.273000,2
0.611100,7.686000,270.319000,1.020000,1.271000,1.434000,1.529000,1.457000,1.404000,1.407000,1.374000,1.238000,1.186000,5.796000,4.683000,4.135000,3.329000,2.493000,1.785000,1.270000,0.947800,0.771100,0.608800,47.310000,47.640000,47.420000,40.730000,29.060000,20.040000,14.290000,10.420000,7.634000,5.775000,1
0.633300,7.276000,231.055000,0.749200,1.027000,1.222000,1.314000,1.442000,1.414000,1.387000,1.343000,1.285000,1.230000,5.895000,5.092000,4.128000,3.229000,2.595000,1.910000,1.300000,0.693000,0.335700,0.274400,35.330000,41.840000,40.370000,33.940000,29.950000,21.600000,14.430000,7.444000,3.450000,2.701000,1
0.655600,7.888000,169.998000,0.803900,1.029000,1.212000,1.286000,1.280000,1.324000,1.262000,1.153000,1.126000,1.118000,5.119000,4.270000,3.440000,2.566000,1.767000,1.225000,0.651800,0.245000,0.121000,0.132000,32.920000,35.150000,33.360000,26.390000,18.090000,12.980000,6.579000,2.259000,1.090000,1.180000,0
0.677800,8.529000,114.034200,0.837800,1.013000,1.101000,1.172000,1.146000,1.158000,1.108000,1.117000,1.086000,1.067000,4.430000,3.569000,2.757000,1.813000,0.906500,0.255700,0.089160,0.081270,0.095140,0.129200,29.690000,28.930000,24.290000,17.000000,8.310000,2.369000,0.790600,0.726200,0.826400,1.102000,0
0.700000,8.183000,95.322400,0.651700,0.828700,0.960100,0.994700,1.008000,0.959600,0.946200,0.935200,0.924800,0.923900,4.473000,3.683000,2.799000,1.777000,1.016000,0.342200,0.023660,0.034370,0.036920,0.056010,23.320000,24.420000,21.500000,14.140000,8.192000,2.627000,0.179100,0.257200,0.273200,0.413900,0
0.500000,7.142000,587.810000,1.605000,2.006000,1.805000,1.859000,1.816000,1.717000,1.661000,1.581000,1.511000,1.444000,7.565000,6.279000,5.280000,4.826000,4.250000,3.588000,3.119000,2.761000,2.455000,2.140000,97.160000,100.800000,76.250000,71.780000,61.750000,49.300000,41.450000,34.920000,29.680000,24.720000,3
0.522200,6.728000,556.350000,1.036000,1.879000,1.935000,1.709000,1.891000,1.806000,1.662000,1.604000,1.494000,1.487000,7.539000,6.584000,5.557000,4.768000,4.443000,3.644000,2.973000,2.614000,2.259000,1.996000,62.480000,98.970000,86.040000,65.170000,67.220000,52.650000,39.540000,33.540000,27.000000,23.740000,3
0.544400,7.282000,473.050000,1.396000,1.729000,1.658000,1.763000,1.749000,1.738000,1.643000,1.569000,1.511000,1.412000,6.999000,5.762000,4.856000,4.275000,3.683000,3.029000,2.432000,2.034000,1.801000,1.560000,78.150000,79.690000,64.400000,60.280000,51.540000,42.110000,31.960000,25.530000,21.770000,17.620000,3
0.566700,6.914000,424.250000,0.910500,1.547000,1.688000,1.631000,1.732000,1.658000,1.645000,1.558000,1.453000,1.455000,6.935000,6.029000,5.000000,4.372000,3.606000,2.867000,2.383000,1.849000,1.453000,1.313000,50.510000,74.610000,67.510000,57.050000,49.950000,38.040000,31.360000,23.050000,16.890000,15.280000,2
0.588900,7.546000,357.900000,1.221000,1.546000,1.562000,1.711000,1.634000,1.587000,1.604000,1.482000,1.446000,1.381000,6.354000,5.076000,4.402000,3.613000,2.875000,2.277000,1.739000,1.370000,1.090000,0.991100,62.050000,62.800000,55.010000,49.440000,37.590000,28.910000,22.310000,16.240000,12.600000,10.950000,2
0.611100,7.208000,311.333000,0.846700,1.311000,1.509000,1.552000,1.529000,1.501000,1.514000,1.556000,1.471000,1.392000,6.331000,5.476000,4.393000,3.545000,3.072000,2.138000,1.626000,1.305000,0.789500,0.491300,42.890000,57.430000,53.050000,44.020000,37.570000,25.680000,19.690000,16.240000,9.291000,5.472000,2
0.633300,7.879000,232.257000,1.030000,1.353000,1.403000,1.517000,1.495000,1.448000,1.393000,1.333000,1.241000,1.197000,5.442000,4.475000,3.680000,2.924000,2.133000,1.412000,0.859300,0.488500,0.304200,0.260200,44.860000,48.430000,41.290000,35.500000,25.520000,16.360000,9.575000,5.211000,3.020000,2.491000,1
0.655600,7.483000,195.088000,0.738800,1.025000,1.320000,1.305000,1.329000,1.338000,1.323000,1.300000,1.237000,1.174000,5.643000,4.666000,3.902000,2.916000,2.120000,1.463000,0.845900,0.208500,0.103000,0.155000,33.350000,38.280000,41.200000,30.440000,22.550000,15.670000,8.955000,2.168000,1.019000,1.456000,0
0.677800,7.951000,143.878500,0.733000,1.009000,1.258000,1.231000,1.263000,1.201000,1.144000,1.105000,1.091000,1.064000,4.902000,4.061000,3.286000,2.421000,1.481000,0.664400,0.214500,0.055080,0.074420,0.118300,28.740000,32.780000,33.060000,23.840000,14.970000,6.382000,1.963000,0.486900,0.649600,1.007000,0
0.700000,8.710000,93.840200,0.791200,0.963400,1.037000,1.093000,1.100000,1.081000,1.058000,1.038000,1.021000,1.003000,4.019000,3.371000,2.342000,1.534000,0.704000,0.103500,0.055350,0.074890,0.091800,0.081250,25.440000,25.980000,19.430000,13.410000,6.192000,0.895500,0.468300,0.621900,0.750200,0.652300,0
0.500000,7.343000,606.730000,1.794000,2.148000,1.919000,1.892000,1.963000,1.877000,1.738000,1.605000,1.532000,1.468000,7.306000,6.145000,5.341000,4.627000,4.029000,3.446000,2.937000,2.672000,2.374000,2.125000,104.900000,105.600000,81.990000,70.020000,63.280000,51.750000,40.830000,34.300000,29.110000,24.950000,3
0.522200,6.918000,566.670000,1.212000,1.993000,1.815000,1.830000,1.848000,1.785000,1.828000,1.706000,1.552000,1.413000,7.520000,6.323000,5.487000,4.958000,4.111000,3.529000,3.019000,2.614000,2.205000,1.970000,72.940000,100.800000,79.670000,72.590000,60.790000,50.390000,44.160000,35.680000,27.380000,22.270000,3
0.544400,7.580000,479.870000,1.672000,1.867000,1.689000,1.816000,1.763000,1.689000,1.722000,1.569000,1.495000,1.379000,6.740000,5.582000,4.808000,4.219000,3.439000,2.900000,2.375000,1.974000,1.602000,1.432000,90.130000,83.370000,64.970000,61.280000,48.490000,39.190000,32.710000,24.770000,19.160000,15.800000,3
0.566700,7.121000,427.560000,1.083000,1.633000,1.728000,1.752000,1.813000,1.699000,1.642000,1.581000,1.483000,1.443000,6.759000,5.888000,4.907000,4.070000,3.363000,2.759000,2.251000,1.772000,1.369000,1.098000,58.560000,76.920000,67.830000,57.050000,48.790000,37.500000,29.570000,22.420000,16.250000,12.670000,3
0.588900,7.689000,353.486000,1.283000,1.500000,1.686000,1.687000,1.648000,1.588000,1.521000,1.469000,1.419000,1.364000,5.957000,5.169000,4.321000,3.602000,2.984000,2.266000,1.642000,1.237000,0.993300,0.868600,61.130000,62.050000,58.280000,48.600000,39.350000,28.790000,19.990000,14.540000,11.280000,9.476000,2
0.611100,7.349000,314.788000,0.981700,1.359000,1.559000,1.622000,1.604000,1.522000,1.444000,1.343000,1.368000,1.334000,6.243000,5.171000,4.469000,3.730000,2.911000,2.126000,1.482000,1.003000,0.723500,0.598000,49.040000,56.210000,55.740000,48.380000,37.350000,25.880000,17.110000,10.780000,7.916000,6.382000,2
0.633300,8.068000,241.529000,1.092000,1.376000,1.460000,1.587000,1.564000,1.490000,1.410000,1.282000,1.230000,1.181000,5.403000,4.537000,3.603000,2.960000,2.080000,1.383000,0.860300,0.605800,0.397100,0.252400,47.190000,49.940000,42.090000,37.590000,26.030000,16.480000,9.707000,6.212000,3.906000,2.384000,1
0.655600,7.721000,205.135000,0.874800,1.212000,1.356000,1.349000,1.309000,1.393000,1.332000,1.258000,1.175000,1.145000,5.525000,4.660000,3.639000,2.851000,2.077000,1.399000,0.795400,0.286800,0.136900,0.112200,38.670000,45.200000,39.480000,30.770000,21.750000,15.590000,8.474000,2.886000,1.287000,1.028000,1
0.677800,8.409000,145.144400,0.920300,1.164000,1.279000,1.299000,1.274000,1.216000,1.169000,1.113000,1.089000,1.076000,4.880000,3.934000,2.947000,2.111000,1.207000,0.449600,0.117500,0.110800,0.112400,0.085450,35.930000,36.640000,30.160000,21.940000,12.300000,4.374000,1.099000,0.986900,0.978900,0.735600,0
0.700000,7.808000,123.895100,0.666400,0.913800,1.072000,1.138000,1.107000,1.051000,1.069000,1.048000,1.007000,1.000000,4.997000,4.223000,3.239000,2.312000,1.292000,0.495000,0.065470,0.030860,0.053450,0.088940,26.640000,30.870000,27.770000,21.060000,11.430000,4.164000,0.559900,0.258800,0.430600,0.711800,0
0.500000,7.235000,633.590000,1.825000,2.075000,1.953000,1.978000,1.850000,1.806000,1.708000,1.706000,1.580000,1.516000,7.678000,6.371000,5.503000,4.752000,4.148000,3.651000,3.170000,2.889000,2.502000,2.143000,112.100000,105.800000,86.000000,75.210000,61.380000,52.750000,43.320000,39.420000,31.610000,26.000000,3
0.522200,6.952000,578.450000,1.257000,1.934000,1.788000,1.896000,2.029000,1.869000,1.824000,1.712000,1.584000,1.505000,7.647000,6.521000,5.608000,4.685000,4.196000,3.470000,3.058000,2.562000,2.090000,1.925000,76.890000,100.900000,80.240000,71.070000,68.120000,51.860000,44.630000,35.080000,26.490000,23.170000,3
0.544400,7.683000,484.910000,1.766000,1.778000,1.733000,1.848000,1.826000,1.759000,1.714000,1.621000,1.619000,1.545000,6.553000,5.399000,4.729000,4.175000,3.368000,2.885000,2.446000,2.044000,1.648000,1.382000,92.580000,76.800000,65.550000,61.720000,49.190000,40.590000,33.540000,26.510000,21.340000,17.090000,3
0.566700,7.178000,442.320000,1.147000,1.796000,1.731000,1.729000,1.689000,1.705000,1.676000,1.637000,1.539000,1.449000,7.094000,5.724000,4.832000,4.190000,3.525000,2.907000,2.194000,1.783000,1.367000,1.143000,65.090000,82.220000,66.920000,57.950000,47.640000,39.650000,29.420000,23.350000,16.830000,13.250000,3
0.588900,7.893000,350.678000,1.391000,1.615000,1.636000,1.723000,1.684000,1.667000,1.651000,1.500000,1.437000,1.380000,6.062000,4.928000,4.121000,3.431000,2.606000,2.122000,1.692000,1.121000,0.874400,0.821300,67.480000,63.670000,53.930000,47.290000,35.110000,28.300000,22.340000,13.440000,10.050000,9.068000,2
0.611100,7.426000,320.493000,1.008000,1.416000,1.581000,1.664000,1.596000,1.609000,1.624000,1.523000,1.485000,1.384000,6.218000,5.233000,4.288000,3.536000,2.609000,2.056000,1.582000,1.145000,0.740900,0.603300,50.120000,59.290000,54.250000,47.060000,33.320000,26.470000,20.550000,13.950000,8.801000,6.682000,2
0.633300,7.849000,253.108000,1.047000,1.342000,1.385000,1.440000,1.482000,1.540000,1.469000,1.389000,1.333000,1.289000,5.735000,4.592000,3.841000,3.086000,2.326000,1.599000,1.039000,0.720100,0.546900,0.424600,48.020000,49.290000,42.560000,35.540000,27.570000,19.710000,12.210000,8.000000,5.831000,4.377000,1
0.655600,7.423000,218.070000,0.747300,1.048000,1.366000,1.424000,1.416000,1.399000,1.339000,1.245000,1.236000,1.197000,5.815000,5.041000,3.878000,3.190000,2.310000,1.601000,0.904900,0.502100,0.264500,0.099640,34.770000,42.250000,42.370000,36.330000,26.180000,17.910000,9.691000,5.000000,2.615000,0.954000,1
0.677800,8.051000,156.001200,0.865800,1.064000,1.261000,1.327000,1.284000,1.280000,1.281000,1.192000,1.185000,1.157000,5.042000,4.250000,3.082000,2.414000,1.500000,0.739900,0.217000,0.077640,0.113200,0.127400,34.920000,36.160000,31.100000,25.630000,15.400000,7.576000,2.224000,0.740200,1.073000,1.178000,0
0.700000,7.788000,131.186600,0.645000,0.847700,1.063000,1.159000,1.154000,1.216000,1.145000,1.112000,1.084000,1.044000,4.938000,4.128000,3.433000,2.391000,1.530000,0.776300,0.203100,0.143600,0.113400,0.063040,25.480000,27.990000,29.210000,22.180000,14.130000,7.549000,1.861000,1.277000,0.983300,0.526300,0
0.500000,7.340000,632.180000,1.851000,2.063000,1.977000,2.026000,1.943000,1.839000,1.818000,1.752000,1.693000,1.597000,7.446000,6.012000,5.385000,4.840000,4.144000,3.536000,3.047000,2.714000,2.387000,2.185000,110.300000,99.230000,85.180000,78.430000,64.410000,52.020000,44.310000,38.050000,32.330000,27.920000,3
0.522200,6.875000,590.300000,1.218000,1.913000,1.996000,1.949000,1.953000,1.847000,1.797000,1.807000,1.677000,1.585000,7.638000,6.434000,5.519000,4.842000,4.285000,3.578000,3.095000,2.616000,2.099000,1.854000,74.410000,98.460000,88.130000,75.510000,66.930000,52.870000,44.500000,37.820000,28.160000,23.510000,3
0.544400,7.399000,497.120000,1.572000,1.820000,1.817000,1.941000,1.907000,1.773000,1.697000,1.709000,1.631000,1.579000,6.940000,5.771000,4.838000,4.386000,3.646000,2.854000,2.254000,1.786000,1.464000,1.359000,87.280000,84.020000,70.330000,68.110000,55.610000,40.480000,30.600000,24.410000,19.110000,17.170000,3
0.566700,7.035000,459.070000,1.098000,1.696000,1.729000,1.765000,1.886000,1.814000,1.694000,1.598000,1.502000,1.468000,7.145000,5.906000,5.030000,4.300000,3.759000,2.894000,2.290000,1.841000,1.471000,1.274000,62.750000,80.150000,69.570000,60.710000,56.700000,41.980000,31.040000,23.530000,17.680000,14.960000,3
0.588900,7.645000,379.240000,1.311000,1.580000,1.684000,1.753000,1.755000,1.769000,1.740000,1.625000,1.495000,1.454000,6.228000,5.232000,4.386000,3.569000,2.873000,2.208000,1.781000,1.351000,1.118000,0.970100,65.330000,66.150000,59.090000,50.060000,40.350000,31.240000,24.790000,17.570000,13.370000,11.290000,2
0.611100,7.275000,331.912000,0.953500,1.390000,1.628000,1.624000,1.642000,1.609000,1.446000,1.436000,1.407000,1.374000,6.339000,5.467000,4.482000,3.741000,3.045000,2.267000,1.530000,1.091000,0.835100,0.636200,48.350000,60.780000,58.370000,48.590000,40.010000,29.190000,17.700000,12.530000,9.400000,6.992000,2
0.633300,7.985000,249.127000,1.113000,1.286000,1.592000,1.666000,1.577000,1.472000,1.400000,1.314000,1.249000,1.217000,5.537000,4.619000,3.900000,2.830000,1.984000,1.436000,0.963000,0.610800,0.369500,0.213100,49.290000,47.530000,49.680000,37.720000,25.020000,16.910000,10.790000,6.422000,3.691000,2.074000,1
0.655600,7.638000,223.791000,0.903900,1.127000,1.278000,1.528000,1.527000,1.506000,1.408000,1.311000,1.194000,1.178000,5.840000,4.724000,3.867000,2.960000,2.194000,1.470000,0.912300,0.493200,0.224700,0.126500,42.230000,42.570000,39.530000,36.170000,26.800000,17.710000,10.270000,5.172000,2.147000,1.192000,1
0.677800,8.128000,158.158000,0.933400,1.116000,1.316000,1.393000,1.341000,1.305000,1.265000,1.206000,1.192000,1.127000,5.061000,4.026000,2.976000,2.171000,1.405000,0.688100,0.201100,0.140700,0.167600,0.187000,37.790000,35.930000,31.320000,24.190000,15.070000,7.181000,2.035000,1.358000,1.598000,1.686000,0
0.700000,7.687000,131.805600,0.674400,0.865700,1.048000,1.045000,1.133000,1.137000,1.092000,1.108000,1.074000,1.076000,5.187000,4.248000,3.629000,2.369000,1.490000,0.747200,0.208200,0.058240,0.081300,0.095940,27.990000,29.420000,30.430000,19.810000,13.500000,6.796000,1.819000,0.516200,0.698700,0.825700,0
0.500000,7.187000,438.080000,1.170000,1.477000,1.370000,1.407000,1.423000,1.329000,1.243000,1.261000,1.267000,1.160000,7.118000,5.910000,5.221000,4.585000,4.086000,3.593000,3.224000,2.874000,2.559000,2.274000,66.630000,69.830000,57.200000,51.620000,46.510000,38.190000,32.050000,29.000000,25.940000,21.110000,2
0.522200,7.832000,368.440000,1.296000,1.334000,1.344000,1.449000,1.294000,1.273000,1.222000,1.224000,1.192000,1.185000,6.114000,5.141000,4.641000,4.138000,3.557000,3.098000,2.675000,2.293000,1.928000,1.785000,63.410000,54.870000,49.910000,47.970000,36.820000,31.540000,26.160000,22.450000,18.390000,16.920000,2
0.544400,7.489000,337.040000,1.067000,1.290000,1.257000,1.363000,1.334000,1.303000,1.302000,1.265000,1.177000,1.165000,6.439000,5.339000,4.591000,3.962000,3.323000,2.740000,2.283000,2.040000,1.682000,1.428000,54.970000,55.110000,46.150000,43.210000,35.460000,28.570000,23.780000,20.650000,15.840000,13.300000,2
0.566700,7.288000,299.113000,0.872300,1.142000,1.201000,1.287000,1.291000,1.267000,1.248000,1.196000,1.155000,1.115000,6.472000,5.363000,4.612000,3.914000,3.231000,2.686000,2.142000,1.703000,1.348000,1.076000,45.160000,49.010000,44.310000,40.300000,33.370000,27.220000,21.390000,16.300000,12.460000,9.593000,1
0.588900,8.075000,231.721000,0.990000,1.160000,1.217000,1.252000,1.186000,1.177000,1.112000,1.096000,1.056000,1.034000,5.459000,4.583000,3.897000,3.172000,2.512000,1.899000,1.449000,1.050000,0.803000,0.680600,43.230000,42.530000,37.950000,31.780000,23.850000,17.870000,12.890000,9.211000,6.782000,5.628000,1
0.611100,7.925000,196.689000,0.852600,1.041000,1.124000,1.164000,1.106000,1.100000,1.063000,1.032000,0.991300,0.950700,5.508000,4.528000,3.768000,3.044000,2.300000,1.700000,1.179000,0.774100,0.536000,0.424700,37.570000,37.700000,33.870000,28.350000,20.350000,14.960000,10.020000,6.388000,4.251000,3.230000,1
0.633300,7.637000,164.620000,0.659100,0.851900,1.051000,1.069000,1.051000,1.061000,1.030000,0.975700,0.950200,0.898800,5.511000,4.607000,3.859000,2.989000,2.281000,1.529000,0.912000,0.466600,0.218300,0.163500,29.060000,31.400000,32.460000,25.560000,19.180000,12.970000,7.514000,3.642000,1.659000,1.175000,0
0.655600,8.536000,111.021000,0.721400,0.898400,0.960800,0.981500,0.984100,0.975800,0.938800,0.894200,0.857400,0.819600,4.496000,3.610000,2.841000,2.076000,1.423000,0.772900,0.220800,0.096830,0.085300,0.122400,25.950000,25.950000,21.840000,16.300000,11.210000,6.033000,1.658000,0.692700,0.585100,0.802200,0
0.677800,8.364000,90.691400,0.583300,0.748300,0.839800,0.881800,0.868300,0.863000,0.815100,0.791200,0.795700,0.783000,4.473000,3.636000,2.876000,2.033000,1.265000,0.592800,0.063630,0.059260,0.063230,0.052190,20.870000,21.760000,19.320000,14.340000,8.789000,4.093000,0.414900,0.375100,0.402500,0.326900,0
0.700000,8.372000,68.551070,0.497500,0.634700,0.701200,0.747300,0.754900,0.740300,0.723300,0.719800,0.711100,0.696600,4.205000,3.466000,2.618000,1.802000,1.066000,0.330100,0.004450,0.007715,0.020250,0.032600,16.740000,17.600000,14.680000,10.770000,6.439000,1.955000,0.025750,0.044420,0.115200,0.181700,0
0.500000,7.276000,463.860000,1.280000,1.551000,1.507000,1.537000,1.537000,1.408000,1.346000,1.303000,1.241000,1.209000,7.099000,5.895000,5.176000,4.590000,4.112000,3.627000,3.203000,2.779000,2.421000,2.094000,72.710000,73.160000,62.390000,56.440000,50.560000,40.850000,34.480000,28.970000,24.040000,20.260000,3
0.522200,7.161000,423.250000,1.100000,1.445000,1.384000,1.482000,1.502000,1.412000,1.387000,1.375000,1.320000,1.231000,7.055000,5.783000,5.011000,4.540000,3.891000,3.317000,2.948000,2.528000,2.145000,1.786000,62.100000,66.860000,55.500000,53.810000,46.770000,37.460000,32.720000,27.800000,22.650000,17.580000,2
0.544400,7.886000,347.280000,1.256000,1.337000,1.420000,1.455000,1.390000,1.393000,1.335000,1.285000,1.218000,1.214000,5.957000,5.117000,4.367000,3.795000,3.256000,2.697000,2.265000,1.862000,1.593000,1.421000,59.860000,54.730000,49.610000,44.180000,36.200000,30.070000,24.180000,19.140000,15.520000,13.790000,2
0.566700,7.618000,305.281000,1.081000,1.236000,1.298000,1.342000,1.347000,1.352000,1.339000,1.245000,1.183000,1.103000,6.142000,5.026000,4.372000,3.656000,3.032000,2.502000,2.046000,1.573000,1.215000,1.017000,53.120000,49.690000,45.420000,39.260000,32.670000,27.070000,21.920000,15.670000,11.490000,8.971000,2
0.588900,7.185000,272.181000,0.761400,1.084000,1.233000,1.262000,1.284000,1.274000,1.265000,1.216000,1.196000,1.159000,6.445000,5.254000,4.485000,3.772000,3.079000,2.397000,1.801000,1.370000,1.004000,0.838600,39.260000,45.580000,44.240000,38.100000,31.620000,24.430000,18.240000,13.330000,9.606000,7.775000,1
0.611100,7.876000,209.034000,0.883100,1.111000,1.164000,1.176000,1.177000,1.198000,1.153000,1.121000,1.053000,1.031000,5.593000,4.513000,3.795000,3.045000,2.446000,1.791000,1.209000,0.744400,0.475200,0.408400,39.510000,40.120000,35.340000,28.660000,23.040000,17.170000,11.150000,6.674000,4.003000,3.367000,1
0.633300,8.449000,156.103000,0.895900,1.090000,1.131000,1.119000,1.115000,1.127000,1.067000,1.028000,0.987200,0.940300,4.846000,3.902000,3.195000,2.418000,1.790000,1.165000,0.604800,0.221600,0.194100,0.241300,34.730000,34.020000,28.910000,21.640000,15.970000,10.500000,5.162000,1.823000,1.533000,1.815000,0
0.655600,8.137000,127.996600,0.706800,0.911400,1.022000,1.027000,1.027000,1.012000,0.987700,0.925300,0.900000,0.885900,4.974000,3.958000,3.193000,2.351000,1.572000,0.917200,0.375000,0.104500,0.090730,0.119800,28.130000,28.860000,26.100000,19.320000,12.920000,7.428000,2.963000,0.773300,0.653300,0.849000,0
0.677800,8.092000,101.459500,0.598200,0.758200,0.894200,0.929800,0.955400,0.939700,0.900700,0.864100,0.842100,0.830400,4.748000,3.843000,3.024000,2.182000,1.391000,0.644900,0.093140,0.050420,0.069950,0.090410,22.720000,23.310000,21.630000,16.230000,10.630000,4.848000,0.671100,0.348600,0.471200,0.600600,0
0.700000,8.926000,64.254900,0.618300,0.755900,0.800800,0.816600,0.821500,0.798700,0.769200,0.759200,0.748900,0.743500,3.803000,2.929000,2.156000,1.393000,0.611800,0.031730,0.017170,0.022410,0.027490,0.032540,18.810000,17.710000,13.810000,9.101000,4.021000,0.202800,0.105700,0.136100,0.164700,0.193600,0
0.500000,7.042000,508.640000,1.190000,1.672000,1.623000,1.575000,1.620000,1.521000,1.513000,1.447000,1.347000,1.284000,7.364000,6.307000,5.360000,4.797000,4.297000,3.751000,3.300000,2.804000,2.524000,2.257000,70.080000,84.380000,69.610000,60.430000,55.700000,45.660000,39.940000,32.450000,27.200000,23.190000,3
0.522200,6.739000,467.250000,0.895500,1.506000,1.559000,1.523000,1.600000,1.513000,1.488000,1.392000,1.375000,1.343000,7.430000,6.412000,5.437000,4.783000,4.175000,3.578000,3.172000,2.658000,2.309000,1.967000,53.230000,77.280000,67.820000,58.280000,53.450000,43.310000,37.750000,29.600000,25.390000,21.140000,2
0.544400,7.391000,389.290000,1.137000,1.480000,1.456000,1.535000,1.497000,1.451000,1.444000,1.408000,1.314000,1.296000,6.521000,5.582000,4.632000,4.188000,3.494000,2.908000,2.412000,1.925000,1.649000,1.552000,59.300000,66.100000,53.930000,51.430000,41.830000,33.760000,27.860000,21.670000,17.330000,16.080000,2
0.566700,7.074000,349.740000,0.861100,1.301000,1.400000,1.487000,1.443000,1.388000,1.435000,1.385000,1.317000,1.292000,6.652000,5.560000,4.700000,4.133000,3.461000,2.765000,2.315000,1.809000,1.413000,1.166000,45.830000,57.880000,52.650000,49.160000,39.960000,30.700000,26.580000,20.040000,14.890000,12.050000,2
0.588900,7.809000,272.634000,1.017000,1.218000,1.355000,1.385000,1.381000,1.397000,1.320000,1.268000,1.215000,1.167000,5.665000,4.763000,4.095000,3.416000,2.736000,2.182000,1.656000,1.174000,0.820400,0.626600,46.110000,46.420000,44.400000,37.860000,30.220000,24.400000,17.490000,11.910000,7.973000,5.851000,1
0.611100,7.502000,232.380000,0.822300,1.106000,1.254000,1.302000,1.323000,1.306000,1.247000,1.191000,1.148000,1.093000,5.751000,4.830000,4.134000,3.295000,2.548000,1.877000,1.212000,0.744300,0.597400,0.545700,37.830000,42.750000,41.460000,34.330000,26.970000,19.610000,12.080000,7.092000,5.488000,4.770000,1
0.633300,8.052000,177.970000,0.882900,1.048000,1.215000,1.226000,1.205000,1.177000,1.105000,1.078000,1.018000,0.970900,5.062000,4.239000,3.517000,2.838000,2.046000,1.385000,0.735500,0.263100,0.174600,0.215900,35.750000,35.550000,34.190000,27.840000,19.730000,13.040000,6.502000,2.269000,1.422000,1.677000,0
0.655600,7.650000,150.951000,0.676000,0.856200,1.023000,1.192000,1.108000,1.089000,1.068000,1.015000,0.969400,0.939900,5.360000,4.308000,3.563000,2.773000,1.992000,1.305000,0.613100,0.149700,0.086440,0.089720,28.990000,29.510000,29.170000,26.450000,17.660000,11.370000,5.240000,1.216000,0.670400,0.674600,0
0.677800,8.124000,112.333300,0.652900,0.837500,0.992900,1.081000,1.045000,1.026000,0.966300,0.939500,0.932900,0.911200,4.702000,3.775000,3.092000,2.218000,1.393000,0.639800,0.079210,0.044260,0.053660,0.069240,24.560000,25.290000,24.560000,19.180000,11.640000,5.253000,0.612400,0.332700,0.400500,0.504700,0
0.700000,8.616000,76.927400,0.641700,0.773900,0.861300,0.901800,0.920900,0.905400,0.900900,0.883500,0.867400,0.862300,4.049000,3.230000,2.381000,1.618000,0.761700,0.133200,0.034470,0.046920,0.065670,0.067390,20.780000,20.000000,16.400000,11.670000,5.612000,0.964800,0.248400,0.331600,0.455700,0.464900,0
0.500000,7.277000,534.830000,1.632000,1.752000,1.645000,1.705000,1.618000,1.619000,1.581000,1.448000,1.414000,1.346000,7.218000,5.988000,5.219000,4.627000,4.176000,3.556000,3.211000,2.784000,2.454000,2.241000,94.230000,83.920000,68.690000,63.120000,54.050000,46.040000,40.620000,32.260000,27.760000,24.140000,3
0.522200,6.952000,497.840000,1.133000,1.672000,1.609000,1.602000,1.636000,1.601000,1.562000,1.514000,1.521000,1.443000,7.351000,6.180000,5.326000,4.621000,4.220000,3.567000,2.886000,2.618000,2.350000,2.026000,66.620000,82.690000,68.580000,59.240000,55.240000,45.700000,36.080000,31.710000,28.590000,23.390000,3
0.544400,7.599000,425.800000,1.518000,1.604000,1.519000,1.617000,1.536000,1.556000,1.544000,1.533000,1.502000,1.393000,6.487000,5.313000,4.697000,4.058000,3.343000,2.899000,2.407000,2.042000,1.733000,1.476000,78.780000,68.190000,57.090000,52.510000,41.090000,36.070000,29.730000,25.050000,20.830000,16.460000,2
0.566700,7.109000,384.560000,0.991200,1.466000,1.507000,1.521000,1.530000,1.559000,1.498000,1.506000,1.422000,1.326000,6.915000,5.643000,4.837000,4.106000,3.473000,2.797000,2.275000,1.865000,1.462000,1.084000,54.830000,66.180000,58.330000,49.970000,42.500000,34.880000,27.270000,22.470000,16.630000,11.500000,2
0.588900,7.813000,307.601000,1.195000,1.420000,1.528000,1.483000,1.507000,1.472000,1.430000,1.328000,1.263000,1.238000,5.827000,4.835000,4.058000,3.425000,2.839000,2.183000,1.653000,1.139000,0.806900,0.771600,55.700000,54.920000,49.590000,40.640000,34.240000,25.710000,18.910000,12.100000,8.152000,7.639000,2
0.611100,7.413000,267.157000,0.904100,1.276000,1.341000,1.502000,1.380000,1.337000,1.302000,1.269000,1.182000,1.163000,6.085000,5.037000,4.103000,3.397000,2.629000,1.986000,1.495000,0.983100,0.645200,0.534300,44.010000,51.410000,44.010000,40.820000,29.020000,21.250000,15.580000,9.982000,6.102000,4.973000,1
0.633300,8.086000,199.280000,1.010000,1.272000,1.335000,1.305000,1.297000,1.239000,1.181000,1.133000,1.062000,0.993700,5.229000,4.164000,3.470000,2.728000,1.989000,1.354000,0.796000,0.352700,0.251900,0.274100,42.240000,42.380000,37.060000,28.490000,20.640000,13.430000,7.524000,3.197000,2.140000,2.179000,1
0.655600,7.788000,167.779700,0.754900,1.030000,1.206000,1.242000,1.254000,1.220000,1.194000,1.133000,1.107000,1.086000,5.164000,4.298000,3.509000,2.649000,1.858000,1.254000,0.692000,0.207000,0.088300,0.095810,31.190000,35.420000,33.860000,26.330000,18.640000,12.240000,6.609000,1.876000,0.782100,0.832600,0
0.677800,8.327000,121.496700,0.790300,0.977600,1.106000,1.180000,1.166000,1.097000,1.053000,1.028000,1.023000,0.992000,4.535000,3.606000,2.815000,2.107000,1.314000,0.586400,0.128900,0.061530,0.053510,0.052020,28.670000,28.200000,24.900000,19.890000,12.250000,5.144000,1.086000,0.506200,0.437700,0.412800,0
0.700000,7.998000,97.360700,0.588700,0.806200,0.941100,0.981200,1.014000,1.014000,0.985300,0.986600,0.974000,0.959000,4.474000,3.819000,2.952000,2.038000,1.147000,0.377500,0.022090,0.025430,0.037230,0.053020,21.070000,24.630000,22.230000,15.990000,9.307000,3.062000,0.174100,0.200700,0.290100,0.406800,0
0.500000,7.334000,562.860000,1.671000,1.854000,1.692000,1.808000,1.788000,1.725000,1.609000,1.549000,1.527000,1.339000,7.142000,6.058000,5.151000,4.777000,4.151000,3.620000,3.192000,2.925000,2.457000,2.058000,95.470000,89.840000,69.720000,69.110000,59.370000,49.970000,41.090000,36.230000,30.020000,22.040000,3
0.522200,6.971000,526.760000,1.250000,1.794000,1.722000,1.701000,1.777000,1.755000,1.640000,1.505000,1.380000,1.309000,7.382000,6.173000,5.311000,4.685000,4.145000,3.678000,3.124000,2.559000,2.204000,1.976000,73.810000,88.590000,73.160000,63.770000,58.940000,51.650000,40.990000,30.820000,24.340000,20.690000,3
0.544400,7.481000,442.270000,1.459000,1.670000,1.692000,1.781000,1.673000,1.605000,1.475000,1.459000,1.366000,1.302000,6.628000,5.434000,4.719000,4.104000,3.481000,2.914000,2.438000,1.990000,1.708000,1.468000,77.390000,72.600000,63.880000,58.460000,46.580000,37.410000,28.770000,23.230000,18.660000,15.290000,3
0.566700,7.116000,392.310000,1.023000,1.541000,1.530000,1.617000,1.578000,1.677000,1.557000,1.485000,1.481000,1.375000,6.672000,5.647000,4.815000,4.037000,3.356000,2.777000,2.196000,1.801000,1.349000,1.140000,54.620000,69.610000,58.950000,52.220000,42.370000,37.260000,27.350000,21.410000,15.980000,12.540000,2
0.588900,7.818000,320.977000,1.352000,1.416000,1.530000,1.595000,1.533000,1.529000,1.477000,1.396000,1.349000,1.305000,5.971000,4.785000,3.964000,3.513000,2.669000,2.113000,1.603000,1.195000,0.901000,0.789400,64.590000,54.210000,48.510000,44.830000,32.720000,25.860000,18.940000,13.350000,9.725000,8.242000,2
0.611100,7.339000,287.742000,0.929200,1.301000,1.413000,1.459000,1.497000,1.506000,1.435000,1.358000,1.272000,1.211000,6.118000,5.203000,4.188000,3.492000,2.714000,2.063000,1.483000,1.015000,0.776200,0.692700,45.480000,54.170000,47.320000,40.760000,32.490000,24.860000,17.030000,11.020000,7.901000,6.711000,1
0.633300,8.093000,210.473000,1.081000,1.259000,1.345000,1.420000,1.388000,1.398000,1.369000,1.347000,1.240000,1.200000,5.232000,4.130000,3.501000,2.583000,1.915000,1.407000,0.844000,0.484800,0.302500,0.222800,45.250000,41.600000,37.670000,29.350000,21.270000,15.730000,9.240000,5.223000,3.001000,2.139000,1
0.655600,7.805000,173.752000,0.847000,1.103000,1.210000,1.244000,1.272000,1.238000,1.204000,1.155000,1.129000,1.080000,5.222000,4.348000,3.385000,2.560000,1.820000,1.168000,0.567600,0.308900,0.234300,0.145300,35.380000,38.350000,32.770000,25.470000,18.520000,11.570000,5.467000,2.854000,2.116000,1.255000,0
0.677800,8.510000,117.993800,0.855300,1.038000,1.142000,1.120000,1.130000,1.143000,1.078000,1.062000,1.070000,1.054000,4.471000,3.585000,2.754000,1.829000,0.985400,0.426400,0.158600,0.073340,0.065880,0.087070,30.590000,29.770000,25.160000,16.380000,8.907000,3.898000,1.368000,0.623200,0.563700,0.733900,0
0.700000,8.262000,98.527100,0.677100,0.871000,0.996000,1.075000,1.039000,1.032000,0.997600,1.004000,0.990600,0.981700,4.536000,3.585000,2.808000,1.914000,0.935600,0.146300,0.013090,0.036690,0.056420,0.039180,24.570000,24.980000,22.380000,16.460000,7.775000,1.208000,0.104500,0.294800,0.447100,0.307700,0
0.500000,6.933000,593.660000,1.376000,2.000000,1.879000,1.897000,1.913000,1.733000,1.658000,1.586000,1.521000,1.427000,7.767000,6.436000,5.514000,4.831000,4.213000,3.710000,3.163000,2.771000,2.435000,2.303000,85.500000,103.000000,82.900000,73.330000,64.480000,51.430000,41.950000,35.160000,29.630000,26.280000,3
0.522200,7.521000,518.270000,1.734000,1.952000,1.815000,1.906000,1.794000,1.689000,1.570000,1.570000,1.519000,1.405000,6.657000,5.697000,4.904000,4.264000,3.681000,3.168000,2.652000,2.313000,1.967000,1.673000,92.320000,88.990000,71.230000,65.020000,52.840000,42.820000,33.320000,29.040000,23.900000,18.790000,3
0.544400,7.311000,470.500000,1.394000,1.631000,1.648000,1.861000,1.813000,1.681000,1.601000,1.523000,1.451000,1.462000,6.850000,5.861000,4.908000,4.370000,3.729000,2.966000,2.519000,2.096000,1.688000,1.411000,76.370000,76.480000,64.730000,65.040000,54.090000,39.880000,32.260000,25.540000,19.600000,16.510000,3
0.566700,7.070000,426.460000,1.072000,1.551000,1.556000,1.618000,1.784000,1.716000,1.583000,1.527000,1.476000,1.394000,6.932000,5.825000,4.906000,4.275000,3.531000,2.936000,2.432000,1.962000,1.608000,1.246000,59.420000,72.300000,61.080000,55.330000,50.400000,40.300000,30.790000,23.960000,18.990000,13.890000,2
0.588900,7.600000,346.464000,1.234000,1.502000,1.542000,1.598000,1.693000,1.664000,1.621000,1.529000,1.404000,1.368000,6.162000,4.967000,4.280000,3.409000,2.910000,2.202000,1.833000,1.364000,1.042000,0.789700,60.840000,59.690000,52.810000,43.600000,39.410000,29.310000,23.780000,16.680000,11.700000,8.644000,2
0.611100,7.298000,296.339000,0.944100,1.227000,1.426000,1.535000,1.587000,1.539000,1.467000,1.426000,1.309000,1.232000,6.146000,5.183000,4.287000,3.472000,2.843000,2.092000,1.559000,1.117000,0.810900,0.623000,46.420000,50.860000,48.920000,42.630000,36.080000,25.760000,18.300000,12.740000,8.491000,6.138000,1
0.633300,7.991000,226.162000,1.018000,1.335000,1.407000,1.517000,1.578000,1.487000,1.466000,1.374000,1.268000,1.224000,5.361000,4.426000,3.451000,2.818000,2.091000,1.324000,0.811700,0.503600,0.289800,0.211400,43.660000,47.270000,38.850000,34.190000,26.390000,15.740000,9.519000,5.535000,2.939000,2.069000,1
0.655600,7.514000,194.105000,0.769800,1.040000,1.225000,1.322000,1.397000,1.384000,1.291000,1.222000,1.168000,1.135000,5.560000,4.754000,3.604000,2.912000,2.217000,1.454000,0.770800,0.267700,0.158200,0.140700,34.240000,39.550000,35.320000,30.790000,24.780000,16.090000,7.962000,2.617000,1.478000,1.278000,0
0.677800,7.493000,151.215300,0.677200,0.905100,1.101000,1.138000,1.210000,1.207000,1.159000,1.108000,1.066000,1.075000,5.251000,4.539000,3.625000,2.490000,1.762000,1.114000,0.493300,0.220800,0.085870,0.022290,28.450000,32.870000,31.940000,22.680000,17.060000,10.760000,4.574000,1.957000,0.732600,0.191700,0
0.700000,7.778000,115.692100,0.619400,0.824400,0.949100,1.067000,1.109000,1.123000,1.102000,1.059000,1.062000,1.042000,4.808000,4.136000,3.153000,2.288000,1.406000,0.660900,0.148700,0.058970,0.046210,0.061330,23.820000,27.280000,23.940000,19.530000,12.470000,5.938000,1.311000,0.499400,0.392700,0.511000,0
0.500000,6.580000,633.840000,1.103000,2.006000,2.087000,1.831000,1.861000,1.875000,1.793000,1.668000,1.599000,1.499000,8.139000,6.950000,5.846000,5.112000,4.508000,3.934000,3.408000,3.024000,2.684000,2.365000,71.800000,111.500000,97.600000,74.860000,67.130000,59.020000,48.890000,40.360000,34.320000,28.360000,3
0.522200,7.334000,540.030000,1.742000,1.838000,1.791000,1.799000,1.818000,1.788000,1.703000,1.575000,1.527000,1.428000,7.217000,5.971000,5.054000,4.537000,3.816000,3.305000,2.836000,2.281000,2.015000,1.674000,100.600000,87.800000,72.430000,65.290000,55.510000,47.290000,38.640000,28.740000,24.610000,19.120000,3
0.544400,6.957000,503.880000,1.176000,1.905000,1.665000,1.820000,1.819000,1.764000,1.676000,1.630000,1.559000,1.470000,7.228000,6.206000,5.009000,4.534000,3.729000,3.303000,2.795000,2.253000,1.794000,1.572000,68.020000,94.580000,66.700000,66.000000,54.270000,46.600000,37.480000,29.380000,22.370000,18.480000,3
0.566700,7.597000,421.720000,1.547000,1.589000,1.690000,1.767000,1.666000,1.652000,1.609000,1.610000,1.511000,1.452000,6.505000,5.219000,4.545000,4.073000,3.202000,2.594000,2.107000,1.580000,1.355000,1.298000,80.480000,66.350000,61.450000,57.560000,42.680000,34.280000,27.120000,20.340000,16.380000,15.080000,2
0.588900,7.153000,373.467000,1.051000,1.534000,1.526000,1.660000,1.737000,1.722000,1.658000,1.570000,1.495000,1.400000,6.622000,5.592000,4.743000,3.948000,3.284000,2.394000,1.812000,1.305000,0.923900,0.775600,55.700000,68.640000,57.920000,52.420000,45.630000,32.990000,24.040000,16.390000,11.050000,8.687000,2
0.611100,7.789000,302.541000,1.245000,1.461000,1.606000,1.545000,1.610000,1.670000,1.574000,1.496000,1.392000,1.310000,5.843000,4.745000,3.969000,3.259000,2.564000,1.896000,1.217000,0.861300,0.645900,0.614400,58.190000,55.460000,50.990000,40.280000,33.030000,25.330000,15.320000,10.310000,7.193000,6.438000,2
0.633300,7.423000,256.048000,0.911400,1.224000,1.400000,1.556000,1.526000,1.500000,1.426000,1.356000,1.317000,1.240000,5.994000,5.025000,4.076000,3.215000,2.412000,1.829000,1.117000,0.628900,0.358100,0.271500,43.700000,49.220000,45.660000,40.030000,29.450000,21.950000,12.750000,6.822000,3.774000,2.692000,1
0.655600,8.093000,185.480300,0.989000,1.178000,1.447000,1.492000,1.454000,1.366000,1.340000,1.320000,1.258000,1.244000,4.994000,4.085000,3.232000,2.492000,1.714000,1.099000,0.412000,0.084910,0.113400,0.192500,39.520000,38.490000,37.420000,29.740000,19.940000,12.000000,4.417000,0.896300,1.141000,1.916000,1
0.677800,7.911000,152.913000,0.778500,0.982700,1.187000,1.308000,1.344000,1.389000,1.332000,1.268000,1.236000,1.244000,5.015000,3.966000,3.168000,2.472000,1.635000,0.922400,0.344800,0.079510,0.100600,0.128200,31.230000,31.180000,30.070000,25.860000,17.570000,10.250000,3.676000,0.806500,0.994500,1.276000,0
0.700000,7.731000,119.731700,0.647900,0.842900,1.010000,1.091000,1.154000,1.103000,1.046000,1.024000,1.009000,1.013000,4.842000,4.021000,3.222000,2.327000,1.499000,0.625500,0.045980,0.045280,0.062430,0.069330,25.090000,27.110000,26.030000,20.320000,13.840000,5.520000,0.384900,0.370900,0.503900,0.562000,0
0.500000,7.291000,623.510000,1.810000,2.174000,1.913000,1.967000,1.955000,1.783000,1.798000,1.732000,1.643000,1.553000,7.317000,6.248000,5.286000,4.662000,4.088000,3.559000,3.072000,2.775000,2.360000,2.110000,106.000000,108.700000,80.910000,73.350000,63.930000,50.760000,44.170000,38.450000,31.030000,26.210000,3
0.522200,6.866000,582.640000,1.218000,2.085000,1.957000,1.881000,1.951000,1.954000,1.894000,1.710000,1.610000,1.462000,7.597000,6.453000,5.423000,4.688000,4.212000,3.466000,2.888000,2.502000,2.131000,1.734000,74.000000,107.600000,84.880000,70.540000,65.730000,54.170000,43.750000,34.240000,27.450000,20.280000,3
0.544400,7.475000,496.480000,1.748000,1.784000,1.976000,1.877000,1.833000,1.776000,1.688000,1.611000,1.518000,1.492000,6.815000,5.597000,4.896000,4.203000,3.502000,2.912000,2.208000,1.776000,1.521000,1.412000,95.330000,79.870000,77.400000,63.120000,51.350000,41.370000,29.820000,22.890000,18.470000,16.860000,3
0.566700,7.077000,448.680000,1.132000,1.658000,1.644000,1.801000,1.846000,1.789000,1.682000,1.585000,1.493000,1.468000,6.915000,5.853000,4.952000,4.456000,3.557000,2.802000,2.200000,1.737000,1.493000,1.450000,62.590000,77.640000,65.140000,64.220000,52.510000,40.100000,29.600000,22.020000,17.830000,17.030000,3
0.588900,7.669000,359.858000,1.345000,1.569000,1.645000,1.735000,1.704000,1.701000,1.690000,1.582000,1.494000,1.436000,6.161000,5.015000,4.332000,3.648000,2.636000,2.044000,1.799000,1.265000,0.886400,0.720400,66.300000,62.940000,57.010000,50.630000,35.940000,27.820000,24.330000,16.010000,10.600000,8.278000,2
0.611100,7.329000,325.242000,0.992800,1.439000,1.583000,1.632000,1.669000,1.618000,1.480000,1.457000,1.327000,1.248000,6.243000,5.340000,4.458000,3.636000,2.777000,2.062000,1.516000,1.063000,0.829800,0.736200,49.580000,61.470000,56.450000,47.460000,37.080000,26.700000,17.950000,12.390000,8.810000,7.352000,2
0.633300,7.822000,248.599000,1.077000,1.347000,1.631000,1.526000,1.483000,1.437000,1.453000,1.382000,1.367000,1.343000,5.601000,4.620000,3.642000,2.859000,2.243000,1.549000,0.968900,0.539700,0.327700,0.267300,48.280000,49.800000,47.520000,34.900000,26.610000,17.810000,11.260000,5.966000,3.582000,2.871000,1
0.655600,7.417000,219.652000,0.790800,1.091000,1.342000,1.415000,1.391000,1.439000,1.392000,1.265000,1.233000,1.178000,5.856000,4.933000,4.103000,3.218000,2.145000,1.455000,0.853300,0.401900,0.279800,0.224600,37.050000,43.060000,44.040000,36.430000,23.880000,16.750000,9.502000,4.066000,2.759000,2.115000,0
0.677800,7.913000,168.621900,0.797400,1.118000,1.329000,1.339000,1.361000,1.292000,1.249000,1.156000,1.127000,1.105000,5.246000,4.356000,3.344000,2.400000,1.580000,0.880000,0.445500,0.233700,0.151400,0.075520,33.460000,38.950000,35.550000,25.710000,17.210000,9.098000,4.450000,2.162000,1.364000,0.667900,0
0.700000,8.345000,117.424400,0.786600,1.013000,1.205000,1.231000,1.163000,1.098000,1.084000,1.073000,1.067000,1.049000,4.364000,3.720000,2.859000,1.965000,1.023000,0.192400,0.051750,0.036030,0.037460,0.070890,27.470000,30.150000,27.570000,19.350000,9.523000,1.689000,0.448600,0.309400,0.319600,0.594800,0
0.500000,7.329000,638.400000,1.955000,2.083000,1.900000,2.041000,2.042000,1.844000,1.655000,1.769000,1.752000,1.652000,7.474000,6.128000,5.506000,4.577000,4.181000,3.533000,2.989000,2.656000,2.471000,2.174000,116.900000,102.100000,83.700000,74.730000,68.290000,52.140000,39.580000,37.600000,34.640000,28.720000,3
0.522200,6.869000,606.610000,1.302000,2.014000,1.921000,2.038000,2.009000,1.926000,1.880000,1.840000,1.719000,1.613000,7.729000,6.555000,5.416000,4.931000,4.117000,3.446000,3.011000,2.606000,2.205000,1.833000,80.530000,105.600000,83.220000,80.390000,66.160000,53.100000,45.280000,38.340000,30.320000,23.670000,3
0.544400,7.433000,520.670000,1.643000,1.922000,1.793000,1.873000,1.990000,1.865000,1.830000,1.757000,1.636000,1.577000,6.803000,5.663000,4.997000,4.255000,3.654000,3.031000,2.365000,1.986000,1.702000,1.625000,89.400000,87.090000,71.690000,63.750000,58.180000,45.220000,34.630000,27.930000,22.280000,20.500000,3
0.566700,7.000000,468.150000,1.089000,1.794000,1.710000,1.647000,1.844000,1.772000,1.743000,1.667000,1.684000,1.603000,7.146000,6.142000,5.111000,4.238000,3.518000,3.017000,2.475000,1.896000,1.532000,1.319000,62.230000,88.140000,69.920000,55.830000,51.910000,42.780000,34.520000,25.280000,20.630000,16.910000,3
0.588900,7.566000,384.650000,1.337000,1.682000,1.709000,1.762000,1.818000,1.739000,1.699000,1.658000,1.575000,1.456000,6.349000,5.237000,4.309000,3.745000,2.855000,2.064000,1.596000,1.328000,1.142000,0.917900,67.900000,70.460000,58.910000,52.780000,41.510000,28.710000,21.680000,17.620000,14.390000,10.690000,2
0.611100,7.084000,344.512000,0.955200,1.392000,1.533000,1.669000,1.723000,1.657000,1.654000,1.653000,1.464000,1.383000,6.554000,5.584000,4.612000,3.623000,3.027000,2.248000,1.718000,1.171000,0.834300,0.702400,50.080000,62.190000,56.580000,48.380000,41.720000,29.810000,22.730000,15.480000,9.774000,7.768000,2
0.633300,7.739000,257.148000,1.080000,1.439000,1.592000,1.596000,1.551000,1.555000,1.557000,1.424000,1.333000,1.236000,5.846000,4.751000,3.741000,2.997000,2.014000,1.367000,0.864700,0.460800,0.361400,0.418900,50.510000,54.700000,47.660000,38.260000,24.990000,17.010000,10.770000,5.251000,3.855000,4.142000,1
0.655600,7.412000,238.875000,0.776900,1.109000,1.439000,1.579000,1.515000,1.594000,1.574000,1.474000,1.361000,1.314000,5.896000,5.046000,4.150000,3.173000,2.243000,1.561000,0.972000,0.457100,0.202900,0.252400,36.640000,44.770000,47.780000,40.090000,27.190000,19.910000,12.240000,5.392000,2.210000,2.653000,1
0.677800,7.913000,178.590100,0.891300,1.107000,1.359000,1.444000,1.461000,1.385000,1.318000,1.284000,1.227000,1.230000,5.136000,4.319000,3.445000,2.594000,1.798000,0.957500,0.214900,0.046080,0.088790,0.105500,36.620000,38.250000,37.470000,29.980000,21.010000,10.610000,2.267000,0.473500,0.871600,1.038000,0
0.700000,7.613000,138.485200,0.659500,0.882800,1.065000,1.224000,1.229000,1.262000,1.229000,1.201000,1.145000,1.141000,5.202000,4.106000,3.389000,2.541000,1.489000,0.822700,0.261900,0.076350,0.097050,0.124800,27.440000,29.000000,28.880000,24.880000,14.640000,8.307000,2.576000,0.733800,0.889400,1.139000,0
0.500000,6.878000,656.750000,1.401000,2.154000,2.149000,1.922000,1.988000,1.994000,1.852000,1.670000,1.739000,1.671000,7.870000,6.720000,5.671000,5.056000,4.303000,3.778000,3.247000,2.727000,2.412000,2.295000,88.200000,115.800000,97.500000,77.750000,68.430000,60.290000,48.120000,36.430000,33.560000,30.670000,3
0.522200,7.463000,583.710000,1.888000,2.080000,1.910000,1.930000,1.978000,1.960000,1.837000,1.708000,1.656000,1.593000,7.034000,6.014000,5.207000,4.458000,3.846000,3.198000,2.644000,2.185000,1.972000,1.822000,106.200000,100.100000,79.550000,68.830000,60.860000,50.140000,38.840000,29.850000,26.120000,23.220000,3
0.544400,7.030000,543.470000,1.242000,2.065000,1.863000,1.839000,1.930000,1.923000,1.882000,1.798000,1.721000,1.564000,7.351000,6.196000,5.164000,4.347000,3.820000,3.239000,2.724000,2.231000,1.895000,1.535000,73.030000,102.300000,76.970000,63.960000,58.980000,49.820000,41.010000,32.090000,26.100000,19.210000,3
0.566700,7.505000,454.500000,1.429000,1.810000,1.891000,1.993000,1.814000,1.827000,1.795000,1.664000,1.638000,1.539000,6.514000,5.494000,4.687000,3.907000,3.305000,2.679000,2.031000,1.508000,1.271000,1.164000,74.440000,79.550000,70.900000,62.290000,47.960000,39.140000,29.170000,20.070000,16.650000,14.330000,3
0.588900,7.129000,411.090000,1.120000,1.593000,1.713000,1.847000,1.801000,1.752000,1.709000,1.658000,1.548000,1.441000,6.841000,5.670000,4.711000,3.992000,3.228000,2.498000,1.986000,1.482000,1.153000,0.984500,61.310000,72.260000,64.570000,59.000000,46.500000,35.010000,27.150000,19.660000,14.280000,11.350000,2
0.611100,7.782000,325.438000,1.234000,1.559000,1.715000,1.697000,1.811000,1.742000,1.568000,1.526000,1.388000,1.250000,6.006000,4.956000,4.077000,3.142000,2.598000,1.934000,1.381000,0.906700,0.661100,0.541700,59.280000,61.830000,55.960000,42.650000,37.620000,26.950000,17.320000,11.070000,7.341000,5.417000,2
0.633300,7.315000,290.124000,0.928900,1.334000,1.507000,1.623000,1.685000,1.596000,1.537000,1.485000,1.412000,1.290000,6.353000,5.171000,4.340000,3.303000,2.635000,1.819000,1.247000,0.821700,0.459700,0.339300,47.210000,55.190000,52.330000,42.870000,35.520000,23.210000,15.340000,9.759000,5.192000,3.503000,1
0.655600,8.056000,216.451000,1.102000,1.296000,1.515000,1.580000,1.567000,1.498000,1.407000,1.390000,1.304000,1.270000,5.202000,4.379000,3.349000,2.533000,1.965000,1.205000,0.607200,0.278800,0.123900,0.226500,45.870000,45.390000,40.580000,32.000000,24.640000,14.440000,6.836000,3.100000,1.293000,2.302000,1
0.677800,7.782000,176.520100,0.870600,1.087000,1.248000,1.364000,1.360000,1.434000,1.346000,1.286000,1.231000,1.197000,5.422000,4.448000,3.345000,2.604000,1.738000,0.965700,0.405300,0.157200,0.085990,0.152700,37.760000,38.680000,33.400000,28.410000,18.900000,11.080000,4.364000,1.617000,0.847100,1.462000,0
0.700000,8.571000,120.330900,0.936200,1.077000,1.194000,1.178000,1.217000,1.183000,1.154000,1.145000,1.124000,1.106000,4.500000,3.480000,2.685000,1.691000,0.894500,0.293800,0.089910,0.071170,0.098570,0.135100,33.700000,29.990000,25.660000,15.930000,8.706000,2.780000,0.830100,0.652100,0.886700,1.196000,0
0.500000,7.306000,458.960000,1.337000,1.526000,1.453000,1.475000,1.500000,1.408000,1.315000,1.311000,1.267000,1.234000,7.037000,5.848000,5.108000,4.565000,4.040000,3.564000,3.147000,2.776000,2.510000,2.309000,75.250000,71.420000,59.360000,53.850000,48.490000,40.140000,33.110000,29.110000,25.430000,22.800000,2
0.522200,6.911000,416.240000,0.948600,1.386000,1.365000,1.433000,1.461000,1.464000,1.355000,1.261000,1.255000,1.228000,7.304000,6.076000,5.118000,4.560000,3.955000,3.393000,2.982000,2.570000,2.206000,1.920000,55.430000,67.370000,55.910000,52.280000,46.230000,39.750000,32.330000,25.930000,22.160000,18.850000,2
0.544400,7.558000,345.900000,1.147000,1.339000,1.344000,1.416000,1.325000,1.308000,1.317000,1.298000,1.235000,1.202000,6.323000,5.291000,4.558000,3.967000,3.294000,2.754000,2.353000,1.933000,1.570000,1.363000,58.030000,56.690000,49.020000,44.950000,34.900000,28.820000,24.800000,20.070000,15.520000,13.100000,2
0.566700,7.354000,312.860000,0.962800,1.225000,1.251000,1.340000,1.331000,1.312000,1.269000,1.292000,1.223000,1.163000,6.444000,5.341000,4.559000,3.887000,3.224000,2.625000,2.089000,1.691000,1.309000,1.096000,49.640000,52.360000,45.620000,41.660000,34.340000,27.550000,21.200000,17.480000,12.810000,10.200000,1
0.588900,8.108000,240.514000,1.065000,1.186000,1.226000,1.328000,1.254000,1.214000,1.231000,1.176000,1.112000,1.095000,5.472000,4.560000,3.804000,3.132000,2.430000,1.886000,1.444000,1.049000,0.798200,0.700100,46.620000,43.270000,37.310000,33.280000,24.380000,18.330000,14.220000,9.868000,7.101000,6.135000,1
0.611100,7.955000,202.066000,0.887800,1.064000,1.178000,1.182000,1.181000,1.132000,1.120000,1.067000,1.036000,0.980800,5.481000,4.481000,3.764000,3.045000,2.302000,1.700000,1.145000,0.698300,0.492700,0.415800,38.930000,38.140000,35.490000,28.800000,21.750000,15.390000,10.260000,5.960000,4.083000,3.263000,1
0.633300,7.750000,171.009000,0.719200,0.940500,1.049000,1.110000,1.103000,1.115000,1.110000,1.053000,1.012000,0.973300,5.447000,4.478000,3.711000,2.884000,2.188000,1.544000,0.956800,0.521200,0.239000,0.170800,31.340000,33.690000,31.150000,25.600000,19.310000,13.770000,8.495000,4.389000,1.935000,1.330000,0
0.655600,8.489000,117.932500,0.771600,0.952600,1.003000,0.983800,1.035000,1.003000,0.952900,0.896700,0.874000,0.855800,4.600000,3.695000,2.821000,2.057000,1.394000,0.753600,0.241600,0.154400,0.148100,0.143100,28.400000,28.160000,22.630000,16.190000,11.540000,6.048000,1.842000,1.107000,1.036000,0.979500,0
0.677800,8.154000,98.186400,0.588500,0.794600,0.897200,0.909600,0.893800,0.893400,0.872200,0.852400,0.844200,0.822500,4.664000,3.843000,2.956000,2.028000,1.273000,0.647200,0.114500,0.066030,0.053130,0.072720,21.960000,24.430000,21.220000,14.760000,9.104000,4.626000,0.798800,0.450300,0.358800,0.478500,0
0.700000,9.071000,61.664360,0.639200,0.759300,0.790100,0.795700,0.793200,0.776800,0.765600,0.750600,0.749700,0.735300,3.725000,2.919000,2.082000,1.264000,0.455500,0.013350,0.027160,0.026980,0.027170,0.036220,19.050000,17.730000,13.160000,8.046000,2.891000,0.082960,0.166300,0.162000,0.163000,0.213100,0
0.500000,6.879000,496.250000,1.134000,1.565000,1.586000,1.570000,1.558000,1.507000,1.453000,1.359000,1.281000,1.232000,7.662000,6.321000,5.362000,4.925000,4.271000,3.742000,3.321000,2.924000,2.581000,2.293000,69.490000,79.120000,68.030000,61.870000,53.220000,45.100000,38.590000,31.780000,26.440000,22.610000,3
0.522200,7.443000,430.490000,1.314000,1.500000,1.524000,1.570000,1.490000,1.459000,1.401000,1.339000,1.281000,1.252000,6.729000,5.626000,4.928000,4.341000,3.726000,3.205000,2.744000,2.328000,2.061000,1.896000,70.730000,67.530000,60.090000,54.510000,44.410000,37.410000,30.760000,24.950000,21.110000,18.990000,2
0.544400,6.898000,397.780000,0.932300,1.335000,1.423000,1.459000,1.538000,1.469000,1.392000,1.319000,1.287000,1.243000,7.134000,5.879000,5.120000,4.371000,3.875000,3.185000,2.722000,2.218000,1.796000,1.523000,53.210000,62.790000,58.290000,51.020000,47.690000,37.430000,30.310000,23.400000,18.490000,15.150000,2
0.566700,7.583000,324.060000,1.120000,1.284000,1.333000,1.445000,1.461000,1.387000,1.345000,1.294000,1.230000,1.191000,6.167000,5.004000,4.318000,3.717000,3.148000,2.497000,2.076000,1.698000,1.343000,1.130000,55.250000,51.400000,46.040000,42.990000,36.790000,27.700000,22.340000,17.580000,13.210000,10.760000,2
0.588900,7.182000,284.850000,0.832200,1.196000,1.250000,1.294000,1.309000,1.325000,1.309000,1.269000,1.243000,1.183000,6.501000,5.290000,4.358000,3.699000,3.075000,2.283000,1.761000,1.458000,1.134000,0.864000,43.280000,50.610000,43.580000,38.290000,32.190000,24.200000,18.440000,14.800000,11.280000,8.180000,1
0.611100,7.741000,221.861000,0.914500,1.123000,1.191000,1.250000,1.235000,1.228000,1.236000,1.180000,1.110000,1.110000,5.711000,4.610000,3.827000,3.105000,2.480000,1.842000,1.245000,0.798700,0.553200,0.428200,41.780000,41.420000,36.460000,31.040000,24.500000,18.090000,12.310000,7.542000,4.915000,3.804000,1
0.633300,7.452000,188.361000,0.706100,0.964700,1.130000,1.169000,1.118000,1.147000,1.120000,1.067000,1.038000,0.978200,5.831000,4.745000,3.879000,3.125000,2.305000,1.651000,1.070000,0.545800,0.300500,0.259900,32.940000,36.620000,35.060000,29.210000,20.610000,15.150000,9.581000,4.661000,2.496000,2.033000,0
0.655600,8.238000,130.759000,0.805600,0.989000,1.049000,1.041000,1.063000,1.028000,0.998000,0.932100,0.889500,0.876700,4.859000,3.922000,3.060000,2.283000,1.484000,0.792500,0.262400,0.092370,0.108700,0.143100,31.320000,31.030000,25.690000,19.020000,12.620000,6.519000,2.095000,0.688800,0.773200,1.003000,0
0.677800,8.473000,100.401200,0.720500,0.910700,0.985000,0.985900,0.998100,0.952200,0.923800,0.906600,0.892700,0.884700,4.490000,3.535000,2.664000,1.824000,1.074000,0.359900,0.090380,0.051840,0.060020,0.084600,25.880000,25.750000,21.000000,14.380000,8.579000,2.741000,0.667900,0.376000,0.428600,0.598700,0
0.700000,8.501000,75.752200,0.595400,0.763400,0.842900,0.879700,0.879800,0.841000,0.824600,0.813600,0.805000,0.796600,4.223000,3.329000,2.433000,1.603000,0.851600,0.147700,0.022990,0.025770,0.024820,0.024350,20.120000,20.330000,16.400000,11.280000,5.994000,0.993900,0.151600,0.167700,0.159800,0.155200,0
0.500000,6.983000,534.500000,1.224000,1.737000,1.690000,1.622000,1.673000,1.614000,1.530000,1.523000,1.390000,1.403000,7.464000,6.388000,5.330000,4.872000,4.276000,3.738000,3.333000,3.004000,2.553000,2.325000,73.120000,88.750000,72.050000,63.210000,57.230000,48.270000,40.800000,36.590000,28.380000,26.100000,3
0.522200,6.875000,488.420000,1.085000,1.646000,1.591000,1.669000,1.657000,1.587000,1.512000,1.430000,1.391000,1.262000,7.563000,6.323000,5.262000,4.658000,4.132000,3.625000,3.058000,2.576000,2.186000,1.857000,65.670000,83.250000,66.980000,62.190000,54.780000,46.010000,36.990000,29.480000,24.320000,18.750000,3
0.544400,7.590000,399.930000,1.317000,1.511000,1.511000,1.551000,1.554000,1.517000,1.482000,1.428000,1.354000,1.305000,6.352000,5.367000,4.606000,3.982000,3.431000,2.891000,2.375000,2.023000,1.739000,1.458000,66.930000,64.890000,55.660000,49.390000,42.660000,35.080000,28.160000,23.100000,18.840000,15.220000,2
0.566700,7.260000,359.860000,1.027000,1.390000,1.417000,1.528000,1.462000,1.471000,1.419000,1.423000,1.393000,1.308000,6.587000,5.447000,4.572000,3.967000,3.299000,2.737000,2.239000,1.816000,1.430000,1.147000,54.130000,60.550000,51.840000,48.510000,38.580000,32.210000,25.420000,20.670000,15.940000,12.010000,2
0.588900,7.934000,280.167000,1.175000,1.337000,1.412000,1.430000,1.372000,1.402000,1.325000,1.308000,1.262000,1.179000,5.679000,4.756000,3.893000,3.246000,2.634000,2.063000,1.484000,1.060000,0.863500,0.766000,53.370000,50.870000,43.970000,37.130000,28.920000,23.140000,15.730000,11.090000,8.720000,7.227000,2
0.611100,7.632000,242.741000,0.937200,1.155000,1.308000,1.342000,1.332000,1.283000,1.242000,1.199000,1.153000,1.111000,5.800000,4.715000,4.041000,3.256000,2.551000,1.893000,1.338000,0.851200,0.600700,0.545300,43.480000,43.550000,42.290000,34.960000,27.180000,19.430000,13.300000,8.166000,5.539000,4.846000,1
0.633300,7.341000,208.323000,0.732900,1.018000,1.203000,1.288000,1.258000,1.211000,1.151000,1.146000,1.074000,1.029000,5.839000,4.810000,4.050000,3.315000,2.466000,1.749000,1.072000,0.578000,0.338300,0.233600,34.240000,39.160000,38.980000,34.170000,24.830000,16.940000,9.875000,5.299000,2.906000,1.923000,0
0.655600,8.175000,146.617000,0.827700,1.059000,1.210000,1.184000,1.163000,1.114000,1.088000,1.069000,1.012000,0.987200,4.771000,4.032000,3.121000,2.299000,1.537000,0.868900,0.363000,0.123100,0.144800,0.182300,31.590000,34.160000,30.220000,21.780000,14.300000,7.741000,3.160000,1.053000,1.173000,1.440000,0
0.677800,7.657000,129.415100,0.648600,0.791300,0.980300,1.052000,1.128000,1.086000,1.016000,0.961400,0.950300,0.928500,5.164000,4.161000,3.475000,2.584000,1.803000,0.906500,0.176600,0.060580,0.075910,0.088740,26.790000,26.340000,27.250000,21.750000,16.270000,7.877000,1.436000,0.465900,0.577100,0.659100,0
0.700000,7.855000,94.425000,0.566100,0.721800,0.868700,0.907400,0.954800,0.940000,0.910200,0.887500,0.886100,0.867400,4.740000,3.826000,3.059000,2.169000,1.245000,0.444300,0.038910,0.036470,0.025390,0.042050,21.470000,22.090000,21.260000,15.740000,9.510000,3.341000,0.283300,0.258900,0.180000,0.291800,0
0.500000,6.655000,578.610000,1.113000,1.838000,1.783000,1.714000,1.701000,1.678000,1.601000,1.530000,1.489000,1.474000,7.905000,6.743000,5.694000,4.944000,4.471000,3.998000,3.529000,3.167000,2.755000,2.441000,70.380000,99.140000,81.230000,67.800000,60.830000,53.660000,45.210000,38.760000,32.810000,28.790000,3
0.522200,7.307000,499.690000,1.519000,1.755000,1.600000,1.693000,1.683000,1.602000,1.541000,1.516000,1.439000,1.368000,6.881000,5.886000,5.093000,4.624000,3.942000,3.367000,2.872000,2.484000,2.112000,1.785000,83.610000,82.650000,65.210000,62.630000,53.070000,43.140000,35.400000,30.140000,24.310000,19.530000,3
0.544400,6.866000,464.180000,1.058000,1.638000,1.627000,1.633000,1.680000,1.660000,1.583000,1.509000,1.480000,1.470000,7.339000,6.103000,5.053000,4.463000,3.817000,3.228000,2.747000,2.259000,1.934000,1.604000,62.130000,79.970000,65.780000,58.320000,51.310000,42.870000,34.790000,27.260000,22.890000,18.860000,2
0.566700,7.549000,374.600000,1.308000,1.493000,1.527000,1.614000,1.637000,1.612000,1.552000,1.499000,1.413000,1.371000,6.178000,5.181000,4.528000,3.795000,3.125000,2.541000,2.007000,1.589000,1.238000,1.099000,64.640000,61.890000,55.330000,49.010000,40.930000,32.780000,24.910000,19.060000,14.000000,12.050000,2
0.588900,7.269000,336.850000,1.032000,1.403000,1.467000,1.524000,1.539000,1.526000,1.429000,1.376000,1.352000,1.329000,6.525000,5.171000,4.455000,3.794000,3.079000,2.429000,1.814000,1.341000,1.126000,1.050000,53.860000,58.050000,52.270000,46.260000,37.920000,29.650000,20.750000,14.760000,12.170000,11.160000,2
0.611100,8.051000,255.657000,1.233000,1.276000,1.449000,1.421000,1.428000,1.370000,1.329000,1.313000,1.218000,1.149000,5.359000,4.458000,3.842000,2.995000,2.240000,1.667000,1.185000,0.881800,0.724700,0.640000,52.870000,45.530000,44.540000,34.050000,25.590000,18.270000,12.600000,9.262000,7.063000,5.882000,1
0.633300,7.786000,217.331000,0.964500,1.254000,1.350000,1.383000,1.395000,1.395000,1.344000,1.261000,1.218000,1.157000,5.435000,4.363000,3.618000,2.947000,2.123000,1.476000,0.912500,0.473600,0.303500,0.241100,41.930000,43.770000,39.070000,32.620000,23.690000,16.480000,9.808000,4.776000,2.956000,2.231000,1
0.655600,7.415000,186.591000,0.724900,0.993700,1.220000,1.281000,1.278000,1.270000,1.298000,1.179000,1.160000,1.107000,5.536000,4.734000,3.738000,2.905000,2.288000,1.415000,0.714900,0.297600,0.169300,0.117200,32.100000,37.630000,36.470000,29.780000,23.390000,14.380000,7.426000,2.807000,1.571000,1.037000,0
0.677800,7.928000,136.980400,0.733700,1.009000,1.180000,1.192000,1.215000,1.177000,1.123000,1.089000,1.061000,1.025000,4.803000,4.170000,3.049000,2.159000,1.468000,0.820000,0.231700,0.044280,0.050740,0.107700,28.190000,33.660000,28.770000,20.590000,14.270000,7.720000,2.081000,0.385700,0.430500,0.883200,0
0.700000,8.491000,92.467100,0.733700,0.954300,1.043000,1.061000,1.051000,1.013000,0.973600,0.946300,0.925600,0.912200,4.118000,3.487000,2.586000,1.565000,0.609200,0.051190,0.031110,0.058220,0.041580,0.039400,24.170000,26.620000,21.580000,13.280000,5.124000,0.414700,0.242300,0.440800,0.307800,0.287500,0
0.500000,7.169000,587.860000,1.636000,1.941000,1.806000,1.863000,1.801000,1.777000,1.650000,1.575000,1.539000,1.448000,7.399000,6.179000,5.400000,4.773000,4.151000,3.608000,3.255000,2.863000,2.502000,2.150000,96.850000,95.960000,78.030000,71.160000,59.830000,51.290000,42.970000,36.060000,30.800000,24.910000,3
0.522200,6.813000,547.940000,1.141000,1.922000,1.801000,1.755000,1.832000,1.744000,1.628000,1.512000,1.489000,1.482000,7.593000,6.427000,5.470000,4.936000,4.269000,3.631000,3.000000,2.548000,2.118000,1.974000,69.320000,98.800000,78.790000,69.300000,62.570000,50.660000,39.060000,30.810000,25.230000,23.400000,3
0.544400,7.539000,464.380000,1.564000,1.722000,1.695000,1.769000,1.758000,1.680000,1.733000,1.633000,1.548000,1.409000,6.586000,5.422000,4.724000,4.202000,3.562000,2.756000,2.363000,2.013000,1.719000,1.444000,82.420000,74.710000,64.050000,59.470000,50.100000,37.030000,32.760000,26.290000,21.280000,16.270000,3
0.566700,7.176000,419.410000,1.149000,1.627000,1.552000,1.676000,1.666000,1.642000,1.569000,1.541000,1.534000,1.423000,6.755000,5.779000,4.880000,4.116000,3.335000,2.779000,2.342000,1.939000,1.533000,1.169000,62.110000,75.210000,60.580000,55.170000,44.440000,36.500000,29.390000,23.900000,18.800000,13.310000,2
0.588900,7.893000,333.585000,1.478000,1.517000,1.650000,1.597000,1.573000,1.532000,1.561000,1.425000,1.357000,1.287000,5.853000,4.841000,4.059000,3.347000,2.668000,2.013000,1.515000,1.223000,0.893400,0.823700,69.190000,58.760000,53.580000,42.760000,33.580000,24.670000,18.930000,13.940000,9.696000,8.479000,2
0.611100,7.465000,299.553000,1.079000,1.384000,1.534000,1.535000,1.500000,1.513000,1.496000,1.440000,1.388000,1.307000,6.034000,4.971000,4.259000,3.500000,2.553000,1.936000,1.372000,1.001000,0.766000,0.634100,52.110000,55.050000,52.260000,42.980000,30.640000,23.430000,16.420000,11.530000,8.503000,6.630000,1
0.633300,7.959000,226.496000,1.097000,1.293000,1.399000,1.392000,1.398000,1.372000,1.327000,1.291000,1.248000,1.218000,5.315000,4.423000,3.717000,2.873000,2.132000,1.291000,0.659600,0.532700,0.511400,0.501100,46.640000,45.760000,41.580000,32.000000,23.840000,14.180000,7.002000,5.501000,5.108000,4.885000,1
0.655600,7.760000,187.702000,0.859100,1.154000,1.346000,1.380000,1.294000,1.221000,1.206000,1.192000,1.141000,1.111000,5.427000,4.572000,3.568000,2.711000,1.819000,1.002000,0.517700,0.241800,0.179200,0.260600,37.300000,42.200000,38.410000,29.920000,18.830000,9.787000,4.997000,2.306000,1.636000,2.316000,0
0.677800,7.825000,149.428500,0.730200,0.997200,1.209000,1.216000,1.254000,1.201000,1.183000,1.130000,1.079000,1.060000,5.200000,4.268000,3.325000,2.443000,1.632000,0.835900,0.278600,0.084570,0.066280,0.081890,30.370000,34.050000,32.160000,23.770000,16.380000,8.029000,2.638000,0.764800,0.572000,0.694700,0
0.700000,8.393000,107.037800,0.758800,0.949800,1.174000,1.187000,1.118000,1.152000,1.116000,1.081000,1.069000,1.051000,4.509000,3.470000,2.684000,1.801000,0.853000,0.179400,0.030620,0.044700,0.062530,0.061110,27.370000,26.370000,25.210000,17.100000,7.626000,1.653000,0.273400,0.386600,0.535000,0.513800,0
0.500000,7.050000,616.340000,1.601000,2.055000,2.049000,1.925000,1.892000,1.753000,1.716000,1.632000,1.582000,1.471000,7.595000,6.246000,5.521000,4.847000,4.240000,3.629000,3.202000,2.739000,2.409000,2.201000,97.310000,102.700000,90.510000,74.650000,64.180000,50.890000,43.970000,35.750000,30.490000,25.890000,3
0.522200,6.783000,578.450000,1.218000,1.915000,1.897000,1.897000,1.866000,1.782000,1.697000,1.619000,1.638000,1.568000,7.848000,6.602000,5.599000,4.825000,4.150000,3.576000,3.106000,2.562000,2.229000,1.999000,76.490000,101.200000,84.960000,73.220000,61.950000,50.990000,42.160000,33.190000,29.210000,25.080000,3
0.544400,7.466000,475.750000,1.513000,1.721000,1.761000,1.910000,1.844000,1.738000,1.661000,1.601000,1.600000,1.471000,6.619000,5.527000,4.774000,4.242000,3.616000,2.918000,2.371000,1.836000,1.597000,1.536000,80.120000,76.090000,67.260000,64.800000,53.350000,40.570000,31.510000,23.520000,20.450000,18.080000,3
0.566700,7.176000,438.320000,1.261000,1.660000,1.636000,1.693000,1.736000,1.709000,1.728000,1.636000,1.546000,1.486000,6.944000,5.533000,4.834000,4.138000,3.433000,2.745000,2.233000,1.866000,1.520000,1.360000,70.080000,73.470000,63.250000,56.050000,47.680000,37.530000,30.870000,24.430000,18.790000,16.170000,2
0.588900,6.983000,386.250000,1.013000,1.470000,1.533000,1.714000,1.764000,1.722000,1.626000,1.596000,1.485000,1.421000,6.870000,5.567000,4.574000,3.979000,3.339000,2.596000,1.991000,1.516000,1.264000,1.000000,55.650000,65.450000,56.080000,54.540000,47.110000,35.760000,25.910000,19.360000,15.020000,11.370000,2
0.611100,7.816000,300.055000,1.198000,1.441000,1.573000,1.658000,1.627000,1.669000,1.590000,1.505000,1.486000,1.390000,5.730000,4.766000,3.965000,3.219000,2.535000,1.865000,1.281000,0.873500,0.587000,0.530300,54.920000,54.950000,49.900000,42.700000,33.000000,24.890000,16.300000,10.520000,6.979000,5.896000,1
0.633300,7.511000,258.948000,0.983300,1.272000,1.354000,1.501000,1.569000,1.518000,1.526000,1.428000,1.383000,1.321000,5.913000,4.878000,3.960000,3.108000,2.423000,1.678000,1.090000,0.774400,0.516800,0.369500,46.520000,49.650000,42.880000,37.320000,30.430000,20.380000,13.300000,8.845000,5.719000,3.904000,1
0.655600,8.205000,185.810000,1.039000,1.218000,1.330000,1.392000,1.472000,1.452000,1.363000,1.297000,1.252000,1.195000,5.027000,3.968000,3.170000,2.344000,1.611000,1.098000,0.598800,0.317700,0.208800,0.193400,41.800000,38.670000,33.740000,26.110000,18.970000,12.750000,6.532000,3.296000,2.092000,1.850000,0
0.677800,7.927000,150.711000,0.855900,1.057000,1.247000,1.232000,1.268000,1.269000,1.274000,1.209000,1.206000,1.180000,4.981000,4.199000,3.203000,2.272000,1.357000,0.688000,0.264800,0.123900,0.086250,0.133300,34.110000,35.510000,31.960000,22.390000,13.770000,6.984000,2.699000,1.198000,0.832000,1.258000,0
0.700000,8.206000,109.413000,0.740200,0.928900,1.079000,1.149000,1.181000,1.191000,1.181000,1.156000,1.150000,1.129000,4.500000,3.704000,2.724000,1.765000,1.042000,0.351200,0.063980,0.041040,0.048410,0.097790,26.650000,27.530000,23.510000,16.220000,9.845000,3.345000,0.604700,0.379400,0.445500,0.883400,0
0.500000,7.072000,637.310000,1.662000,2.172000,1.993000,1.977000,1.987000,1.828000,1.770000,1.674000,1.573000,1.594000,7.566000,6.334000,5.499000,4.824000,4.274000,3.680000,3.164000,2.754000,2.416000,2.258000,100.600000,110.100000,87.660000,76.290000,67.960000,53.820000,44.800000,36.890000,30.400000,28.790000,3
0.522200,6.766000,583.010000,1.219000,1.924000,1.926000,1.827000,1.911000,1.896000,1.812000,1.660000,1.594000,1.597000,7.828000,6.718000,5.315000,4.856000,4.178000,3.646000,2.958000,2.544000,2.239000,2.033000,76.340000,103.400000,81.900000,70.990000,63.880000,55.320000,42.890000,33.780000,28.550000,25.960000,3
0.544400,7.353000,499.120000,1.529000,1.811000,1.807000,2.025000,1.933000,1.898000,1.785000,1.668000,1.568000,1.406000,6.829000,5.653000,4.840000,4.199000,3.490000,2.850000,2.454000,1.995000,1.641000,1.441000,83.530000,81.920000,69.960000,68.020000,53.960000,43.280000,35.040000,26.610000,20.590000,16.210000,3
0.566700,6.952000,449.170000,1.017000,1.649000,1.742000,1.781000,1.854000,1.722000,1.654000,1.616000,1.526000,1.436000,7.160000,5.999000,5.125000,4.395000,3.561000,2.931000,2.372000,1.819000,1.369000,1.127000,58.270000,79.120000,71.410000,62.600000,52.810000,40.390000,31.390000,23.520000,16.710000,12.950000,2
0.588900,7.595000,383.890000,1.387000,1.725000,1.621000,1.748000,1.784000,1.685000,1.587000,1.543000,1.459000,1.375000,6.343000,5.095000,4.482000,3.682000,2.982000,2.304000,1.646000,1.258000,1.054000,1.027000,70.360000,70.300000,58.110000,51.490000,42.560000,31.050000,20.900000,15.530000,12.300000,11.290000,2
0.611100,7.225000,326.831000,0.997300,1.443000,1.490000,1.660000,1.717000,1.680000,1.656000,1.562000,1.415000,1.371000,6.464000,5.289000,4.376000,3.677000,2.723000,2.112000,1.529000,1.012000,0.709000,0.593000,51.580000,61.040000,52.170000,48.820000,37.410000,28.380000,20.250000,12.650000,8.026000,6.505000,2
0.633300,7.764000,256.897000,1.103000,1.411000,1.539000,1.544000,1.505000,1.461000,1.446000,1.394000,1.327000,1.263000,5.819000,4.527000,3.746000,3.073000,2.182000,1.581000,1.068000,0.600700,0.358300,0.276500,51.340000,51.080000,46.110000,37.960000,26.280000,18.470000,12.360000,6.700000,3.803000,2.794000,1
0.655600,7.616000,208.458000,0.945900,1.225000,1.478000,1.461000,1.447000,1.413000,1.398000,1.314000,1.264000,1.184000,5.519000,4.507000,3.620000,2.655000,1.829000,1.092000,0.727700,0.375600,0.183400,0.132600,41.770000,44.150000,42.800000,31.020000,21.170000,12.350000,8.138000,3.950000,1.854000,1.256000,0
0.677800,8.389000,150.430000,0.974400,1.230000,1.372000,1.385000,1.323000,1.338000,1.273000,1.215000,1.191000,1.146000,4.647000,3.802000,2.874000,1.975000,1.252000,0.477400,0.118800,0.113100,0.154500,0.131800,36.220000,37.430000,31.540000,21.890000,13.250000,5.111000,1.209000,1.099000,1.473000,1.208000,0
0.700000,7.863000,131.533200,0.750700,0.938900,1.163000,1.263000,1.242000,1.246000,1.210000,1.181000,1.176000,1.161000,5.013000,4.122000,3.150000,2.275000,1.221000,0.396100,0.044780,0.035740,0.055460,0.086180,30.110000,30.960000,29.300000,22.990000,12.130000,3.950000,0.433500,0.337800,0.521600,0.800300,0
0.500000,6.588000,679.920000,1.200000,2.064000,2.060000,2.051000,1.998000,1.981000,1.928000,1.815000,1.674000,1.606000,8.231000,7.046000,6.016000,5.254000,4.603000,4.017000,3.449000,2.975000,2.637000,2.357000,79.030000,116.300000,99.140000,86.220000,73.590000,63.660000,53.190000,43.190000,35.320000,30.280000,3
0.522200,7.167000,597.650000,1.694000,2.049000,1.857000,1.957000,1.976000,1.910000,1.767000,1.708000,1.707000,1.613000,7.424000,6.036000,5.303000,4.687000,4.065000,3.474000,2.901000,2.435000,2.143000,1.941000,100.600000,98.950000,78.800000,73.370000,64.260000,53.080000,41.020000,33.260000,29.260000,25.050000,3
0.544400,6.802000,552.430000,1.158000,1.966000,1.826000,1.895000,1.908000,1.955000,1.850000,1.796000,1.685000,1.657000,7.465000,6.259000,5.441000,4.671000,3.980000,3.353000,2.709000,2.265000,1.947000,1.690000,69.160000,98.450000,79.500000,70.830000,60.760000,52.440000,40.080000,32.550000,26.260000,22.400000,3
0.566700,7.409000,454.870000,1.503000,1.830000,1.794000,1.818000,1.811000,1.765000,1.625000,1.571000,1.520000,1.489000,6.606000,5.571000,4.813000,4.165000,3.383000,2.551000,1.979000,1.684000,1.405000,1.276000,79.440000,81.550000,69.080000,60.590000,49.010000,36.020000,25.730000,21.160000,17.080000,15.210000,3
0.588900,6.998000,405.570000,1.014000,1.549000,1.734000,1.804000,1.807000,1.762000,1.638000,1.635000,1.575000,1.470000,6.804000,5.654000,4.914000,4.095000,3.379000,2.572000,1.878000,1.456000,1.085000,0.903500,55.200000,70.060000,68.150000,59.110000,48.850000,36.250000,24.610000,19.050000,13.670000,10.620000,3
0.611100,7.536000,326.812000,1.184000,1.540000,1.658000,1.678000,1.646000,1.722000,1.600000,1.530000,1.435000,1.420000,6.176000,5.132000,4.149000,3.388000,2.583000,1.937000,1.280000,0.923900,0.775600,0.642700,58.480000,63.220000,55.050000,45.480000,34.010000,26.680000,16.380000,11.310000,8.902000,7.300000,2
0.633300,8.057000,261.772000,1.244000,1.461000,1.624000,1.578000,1.572000,1.522000,1.455000,1.342000,1.263000,1.177000,5.437000,4.513000,3.787000,2.955000,2.066000,1.483000,0.926500,0.560500,0.429400,0.341900,54.120000,52.760000,49.200000,37.290000,25.980000,18.060000,10.790000,6.016000,4.338000,3.218000,1
0.655600,7.667000,231.188000,0.941900,1.219000,1.469000,1.473000,1.636000,1.525000,1.426000,1.333000,1.258000,1.252000,5.578000,4.790000,3.759000,2.882000,2.233000,1.479000,0.735800,0.284100,0.270500,0.285900,42.030000,46.730000,44.190000,33.960000,29.230000,18.040000,8.392000,3.030000,2.722000,2.864000,1
0.677800,7.927000,173.085800,0.886800,1.145000,1.306000,1.448000,1.443000,1.382000,1.291000,1.256000,1.224000,1.189000,5.220000,4.316000,3.287000,2.408000,1.612000,0.864300,0.209200,0.070030,0.131800,0.208900,37.030000,39.530000,34.330000,27.890000,18.610000,9.554000,2.160000,0.703800,1.291000,1.987000,0
0.700000,7.891000,139.243200,0.726000,1.012000,1.199000,1.248000,1.346000,1.311000,1.196000,1.185000,1.164000,1.138000,4.980000,4.187000,3.243000,2.122000,1.388000,0.575100,0.090890,0.059250,0.083810,0.105500,28.920000,33.900000,31.090000,21.190000,14.940000,6.031000,0.869500,0.561800,0.780500,0.960400,0
0.500000,7.388000,667.090000,1.968000,2.312000,2.107000,2.054000,2.045000,1.951000,1.919000,1.822000,1.782000,1.642000,7.290000,6.179000,5.457000,4.709000,4.111000,3.454000,3.113000,2.606000,2.353000,2.144000,114.800000,114.300000,92.000000,77.370000,67.250000,53.910000,47.780000,37.970000,33.540000,28.170000,3
0.522200,6.798000,627.700000,1.237000,2.139000,2.165000,2.010000,2.019000,1.918000,1.804000,1.810000,1.696000,1.575000,7.743000,6.799000,5.484000,5.002000,4.210000,3.640000,3.080000,2.612000,2.139000,1.925000,76.610000,116.300000,94.970000,80.430000,67.990000,55.840000,44.450000,37.830000,29.020000,24.260000,3
0.544400,7.277000,536.110000,1.646000,1.962000,1.798000,1.855000,1.939000,1.852000,1.815000,1.759000,1.632000,1.575000,7.179000,5.851000,5.194000,4.383000,3.841000,3.110000,2.493000,1.954000,1.652000,1.511000,94.520000,91.850000,74.710000,65.050000,59.580000,46.090000,36.200000,27.510000,21.570000,19.030000,3
0.566700,6.820000,510.430000,1.061000,1.903000,1.963000,1.780000,2.179000,1.952000,1.782000,1.746000,1.605000,1.611000,7.376000,6.275000,5.010000,4.345000,3.713000,3.011000,2.436000,1.954000,1.618000,1.336000,62.590000,95.550000,78.670000,61.870000,64.710000,47.020000,34.730000,27.300000,20.770000,17.220000,3
0.588900,7.393000,410.770000,1.304000,1.840000,1.698000,1.803000,1.766000,1.829000,1.709000,1.716000,1.555000,1.455000,6.673000,5.452000,4.545000,3.707000,2.903000,2.394000,1.819000,1.407000,1.079000,1.035000,69.610000,80.260000,61.750000,53.460000,41.020000,35.020000,24.880000,19.310000,13.420000,12.040000,2
0.611100,7.884000,328.873000,1.463000,1.603000,1.688000,1.647000,1.685000,1.630000,1.671000,1.640000,1.594000,1.448000,5.948000,4.899000,4.132000,3.086000,2.333000,1.849000,1.368000,0.926500,0.628600,0.514300,69.610000,62.820000,55.790000,40.670000,31.440000,24.120000,18.290000,12.160000,8.014000,5.959000,2
0.633300,7.375000,303.153000,1.034000,1.529000,1.662000,1.720000,1.701000,1.685000,1.525000,1.407000,1.343000,1.263000,6.247000,5.247000,4.208000,3.410000,2.553000,1.729000,1.093000,0.617200,0.341500,0.239300,51.690000,64.160000,55.970000,46.930000,34.730000,23.310000,13.330000,6.945000,3.670000,2.418000,2
0.655600,7.970000,221.224000,1.090000,1.344000,1.544000,1.566000,1.577000,1.517000,1.424000,1.356000,1.301000,1.306000,5.452000,4.383000,3.627000,2.786000,1.747000,0.970700,0.452900,0.312900,0.233100,0.196700,47.540000,47.130000,44.790000,34.910000,22.040000,11.780000,5.159000,3.393000,2.426000,2.056000,1
0.677800,7.449000,196.507600,0.786200,1.093000,1.310000,1.464000,1.456000,1.489000,1.440000,1.355000,1.323000,1.289000,5.788000,4.763000,3.843000,2.877000,1.937000,1.186000,0.410400,0.118400,0.093940,0.078730,36.400000,41.640000,40.260000,33.700000,22.560000,14.130000,4.728000,1.284000,0.993900,0.811700,0
0.700000,8.396000,131.564900,0.900900,1.160000,1.244000,1.323000,1.330000,1.289000,1.197000,1.172000,1.196000,1.180000,4.675000,3.646000,2.735000,1.785000,1.018000,0.338600,0.106000,0.102900,0.091240,0.079460,33.690000,33.820000,27.230000,18.900000,10.830000,3.491000,1.015000,0.965400,0.873200,0.750300,0
0.500000,7.152000,696.110000,1.801000,2.363000,2.090000,2.090000,2.145000,1.926000,1.930000,1.813000,1.748000,1.641000,7.720000,6.577000,5.646000,4.954000,4.219000,3.755000,3.268000,2.775000,2.332000,2.268000,111.200000,124.300000,94.410000,82.850000,72.410000,57.850000,50.460000,40.240000,32.620000,29.770000,3
0.522200,6.764000,629.530000,1.213000,2.046000,1.988000,1.957000,2.009000,1.950000,1.867000,1.799000,1.735000,1.689000,8.035000,6.815000,5.617000,5.044000,4.359000,3.731000,3.317000,2.633000,2.117000,1.965000,77.940000,111.600000,89.350000,78.970000,70.070000,58.200000,49.550000,37.900000,29.390000,26.560000,3
0.544400,7.312000,549.200000,1.597000,2.033000,1.869000,1.890000,1.905000,1.929000,1.847000,1.854000,1.750000,1.621000,7.114000,6.021000,5.152000,4.325000,3.705000,3.051000,2.524000,2.203000,1.774000,1.510000,90.910000,97.910000,77.050000,65.380000,56.480000,47.080000,37.290000,32.680000,24.840000,19.580000,3
0.566700,6.811000,521.510000,1.068000,1.950000,1.850000,1.806000,1.947000,1.902000,1.951000,1.919000,1.787000,1.651000,7.406000,6.253000,5.220000,4.657000,3.770000,3.063000,2.543000,2.116000,1.559000,1.239000,63.290000,97.550000,77.250000,67.280000,58.700000,46.620000,39.690000,32.480000,22.290000,16.360000,3
0.588900,7.351000,427.070000,1.236000,1.734000,1.821000,1.924000,1.940000,1.862000,1.762000,1.601000,1.558000,1.503000,6.655000,5.600000,4.717000,3.861000,3.167000,2.382000,1.871000,1.330000,1.162000,1.072000,65.790000,77.690000,68.710000,59.450000,49.160000,35.480000,26.380000,17.030000,14.490000,12.890000,3
0.611100,7.065000,381.420000,1.001000,1.493000,1.708000,1.769000,1.775000,1.732000,1.697000,1.647000,1.563000,1.511000,6.829000,5.603000,4.570000,3.983000,2.998000,2.344000,1.882000,1.398000,1.029000,0.755300,54.690000,66.900000,62.460000,56.370000,42.560000,32.480000,25.550000,18.420000,12.860000,9.130000,2
0.633300,7.737000,288.561000,1.185000,1.441000,1.507000,1.749000,1.747000,1.732000,1.661000,1.602000,1.475000,1.374000,5.840000,4.815000,3.934000,2.977000,2.204000,1.615000,1.127000,0.716900,0.543500,0.444800,55.340000,55.520000,47.420000,41.650000,30.800000,22.370000,14.970000,9.188000,6.415000,4.888000,1
0.655600,7.259000,254.957000,0.835500,1.164000,1.399000,1.598000,1.716000,1.635000,1.503000,1.500000,1.442000,1.435000,6.197000,5.073000,4.294000,3.323000,2.522000,1.737000,0.873300,0.374600,0.103300,0.193300,41.420000,47.250000,48.070000,42.480000,34.620000,22.710000,10.500000,4.496000,1.192000,2.219000,1
0.677800,8.114000,177.962000,1.026000,1.183000,1.258000,1.417000,1.556000,1.585000,1.525000,1.494000,1.449000,1.424000,5.229000,3.910000,3.158000,2.243000,1.514000,0.971800,0.394900,0.146300,0.140600,0.129700,42.920000,37.010000,31.780000,25.420000,18.840000,12.320000,4.818000,1.748000,1.629000,1.477000,0
0.700000,8.136000,143.770000,0.898900,1.051000,1.216000,1.293000,1.397000,1.382000,1.309000,1.221000,1.207000,1.187000,4.991000,3.833000,2.881000,1.885000,1.157000,0.660200,0.291300,0.192900,0.193700,0.114400,35.890000,32.220000,28.030000,19.500000,12.940000,7.298000,3.050000,1.884000,1.871000,1.087000,0
0.500000,7.045000,488.110000,1.236000,1.595000,1.516000,1.476000,1.541000,1.482000,1.440000,1.349000,1.329000,1.271000,7.421000,6.096000,5.322000,4.731000,4.235000,3.676000,3.276000,2.951000,2.629000,2.281000,73.380000,77.800000,64.540000,55.860000,52.220000,43.580000,37.740000,31.840000,27.960000,23.190000,3
0.522200,7.699000,403.050000,1.385000,1.432000,1.443000,1.497000,1.414000,1.409000,1.381000,1.334000,1.293000,1.250000,6.349000,5.340000,4.689000,4.086000,3.522000,3.116000,2.652000,2.337000,2.056000,1.806000,70.330000,61.160000,54.130000,48.930000,39.840000,35.120000,29.290000,24.940000,21.260000,18.050000,2
0.544400,7.633000,364.540000,1.311000,1.363000,1.392000,1.424000,1.422000,1.401000,1.382000,1.325000,1.280000,1.216000,6.289000,5.245000,4.550000,3.957000,3.347000,2.701000,2.369000,1.983000,1.586000,1.431000,65.940000,57.180000,50.650000,45.070000,38.080000,30.260000,26.180000,21.010000,16.250000,13.920000,2
0.566700,7.429000,318.570000,1.086000,1.272000,1.321000,1.378000,1.340000,1.297000,1.305000,1.268000,1.226000,1.203000,6.394000,5.204000,4.460000,3.806000,3.171000,2.498000,2.013000,1.612000,1.314000,1.127000,55.530000,52.940000,47.130000,41.940000,33.990000,25.920000,21.020000,16.360000,12.890000,10.850000,2
0.588900,7.362000,275.041000,0.896600,1.137000,1.276000,1.290000,1.339000,1.272000,1.257000,1.199000,1.166000,1.144000,6.319000,5.136000,4.351000,3.663000,2.944000,2.322000,1.705000,1.268000,0.962300,0.802200,45.320000,46.710000,44.410000,37.810000,31.540000,23.620000,17.150000,12.160000,8.978000,7.343000,1
0.611100,8.144000,202.792000,1.001000,1.165000,1.257000,1.203000,1.206000,1.175000,1.136000,1.089000,1.039000,0.977600,5.238000,4.289000,3.643000,2.805000,2.150000,1.512000,0.998800,0.671400,0.494200,0.415100,41.930000,39.980000,36.640000,27.000000,20.750000,14.210000,9.080000,5.849000,4.107000,3.246000,1
0.633300,7.881000,178.009000,0.807400,1.020000,1.130000,1.189000,1.187000,1.170000,1.118000,1.084000,0.982100,0.956300,5.444000,4.374000,3.602000,2.877000,2.127000,1.448000,0.840500,0.403400,0.156600,0.162700,35.170000,35.690000,32.550000,27.370000,20.190000,13.550000,7.515000,3.499000,1.230000,1.245000,0
0.655600,8.577000,120.035900,0.832500,0.988900,1.048000,1.042000,1.076000,1.049000,1.025000,0.953500,0.916700,0.888900,4.493000,3.626000,2.758000,1.946000,1.297000,0.688700,0.270000,0.136000,0.114700,0.147000,29.920000,28.690000,23.120000,16.220000,11.170000,5.780000,2.213000,1.037000,0.840900,1.045000,0
0.677800,8.062000,106.819900,0.614100,0.823200,0.929300,0.941600,0.944100,0.933800,0.886000,0.841400,0.823600,0.808000,4.829000,3.936000,3.063000,2.260000,1.412000,0.664300,0.081750,0.045810,0.061180,0.073810,23.720000,25.920000,22.770000,17.020000,10.660000,4.962000,0.579400,0.308300,0.403100,0.477100,0
0.700000,8.761000,70.726000,0.639100,0.806500,0.838000,0.845300,0.835300,0.798700,0.785800,0.772600,0.770300,0.760000,4.028000,3.141000,2.286000,1.404000,0.598900,0.032380,0.029480,0.036810,0.032600,0.035760,20.590000,20.270000,15.330000,9.496000,4.002000,0.206900,0.185300,0.227500,0.200900,0.217400,0
0.500000,6.855000,513.470000,1.203000,1.618000,1.672000,1.600000,1.592000,1.533000,1.475000,1.440000,1.372000,1.303000,7.619000,6.309000,5.353000,4.893000,4.233000,3.678000,3.360000,2.939000,2.544000,2.280000,73.360000,81.640000,71.610000,62.630000,53.930000,45.100000,39.640000,33.850000,27.930000,23.780000,3
0.522200,7.535000,445.770000,1.456000,1.579000,1.592000,1.627000,1.565000,1.502000,1.460000,1.384000,1.353000,1.257000,6.622000,5.515000,4.831000,4.282000,3.665000,3.206000,2.708000,2.273000,2.024000,1.844000,77.150000,69.680000,61.550000,55.740000,45.890000,38.520000,31.630000,25.170000,21.900000,18.540000,2
0.544400,7.092000,407.140000,1.074000,1.448000,1.498000,1.491000,1.597000,1.487000,1.448000,1.377000,1.365000,1.271000,6.910000,5.702000,4.929000,4.280000,3.647000,3.095000,2.657000,2.116000,1.745000,1.475000,59.400000,66.040000,59.060000,51.060000,46.600000,36.830000,30.780000,23.320000,19.050000,15.000000,2
0.566700,7.662000,329.130000,1.217000,1.331000,1.410000,1.460000,1.450000,1.397000,1.345000,1.300000,1.273000,1.234000,6.130000,4.970000,4.387000,3.722000,3.076000,2.492000,1.989000,1.518000,1.213000,1.065000,59.680000,52.940000,49.480000,43.460000,35.670000,27.850000,21.390000,15.790000,12.360000,10.510000,2
0.588900,7.280000,294.664000,0.922600,1.250000,1.308000,1.348000,1.378000,1.320000,1.296000,1.267000,1.249000,1.179000,6.379000,5.240000,4.361000,3.745000,3.020000,2.320000,1.797000,1.356000,1.060000,0.890900,47.080000,52.410000,45.620000,40.380000,33.290000,24.500000,18.640000,13.740000,10.600000,8.404000,1
0.611100,7.926000,225.337000,1.020000,1.179000,1.258000,1.262000,1.341000,1.334000,1.280000,1.252000,1.172000,1.103000,5.510000,4.434000,3.723000,3.036000,2.375000,1.706000,1.161000,0.701100,0.465500,0.393000,44.960000,41.820000,37.480000,30.640000,25.480000,18.210000,11.890000,7.023000,4.366000,3.468000,1
0.633300,7.604000,194.905000,0.791700,1.054000,1.187000,1.176000,1.203000,1.179000,1.168000,1.134000,1.077000,1.009000,5.777000,4.580000,3.743000,3.035000,2.300000,1.620000,0.986800,0.535400,0.265600,0.225000,36.590000,38.600000,35.550000,28.550000,22.140000,15.290000,9.224000,4.856000,2.288000,1.817000,0
0.655600,8.181000,141.123000,0.849900,1.066000,1.093000,1.081000,1.116000,1.113000,1.070000,1.005000,0.968800,0.934300,4.836000,3.916000,3.055000,2.280000,1.537000,0.829300,0.336500,0.165800,0.186100,0.221300,32.880000,33.410000,26.710000,19.710000,13.720000,7.383000,2.881000,1.333000,1.442000,1.654000,0
0.677800,8.064000,116.614900,0.676700,0.915600,1.012000,0.996100,0.999300,0.997000,0.946500,0.917300,0.885600,0.868700,4.852000,3.952000,3.137000,2.160000,1.407000,0.656100,0.088930,0.051660,0.074170,0.104200,26.270000,28.950000,25.400000,17.210000,11.250000,5.233000,0.673300,0.379100,0.525500,0.724000,0
0.700000,8.618000,79.713200,0.688400,0.839300,0.930700,0.903900,0.886200,0.865400,0.846900,0.834000,0.811200,0.785400,4.178000,3.279000,2.421000,1.524000,0.628300,0.038090,0.020670,0.032690,0.042700,0.046200,23.010000,22.010000,18.030000,11.020000,4.454000,0.263700,0.140000,0.218100,0.277100,0.290300,0
0.500000,7.129000,544.840000,1.405000,1.856000,1.752000,1.675000,1.696000,1.588000,1.547000,1.514000,1.405000,1.351000,7.289000,6.235000,5.272000,4.727000,4.198000,3.652000,3.278000,2.916000,2.572000,2.305000,81.930000,92.600000,73.900000,63.340000,56.940000,46.400000,40.580000,35.320000,28.910000,24.920000,3
0.522200,6.785000,497.460000,1.063000,1.624000,1.632000,1.643000,1.648000,1.610000,1.586000,1.526000,1.477000,1.436000,7.556000,6.292000,5.330000,4.732000,4.106000,3.544000,3.021000,2.633000,2.278000,1.962000,64.260000,81.720000,69.570000,62.200000,54.130000,45.640000,38.330000,32.150000,26.920000,22.540000,3
0.544400,7.475000,424.030000,1.333000,1.590000,1.619000,1.669000,1.593000,1.559000,1.519000,1.470000,1.414000,1.403000,6.575000,5.410000,4.676000,4.072000,3.513000,2.993000,2.382000,1.934000,1.688000,1.542000,70.120000,68.810000,60.560000,54.350000,44.760000,37.330000,28.960000,22.750000,19.090000,17.300000,2
0.566700,7.094000,385.380000,1.051000,1.477000,1.518000,1.571000,1.620000,1.532000,1.446000,1.429000,1.430000,1.374000,6.773000,5.578000,4.683000,4.009000,3.486000,2.884000,2.194000,1.687000,1.458000,1.221000,56.930000,65.920000,56.880000,50.380000,45.170000,35.330000,25.390000,19.280000,16.680000,13.420000,2
0.588900,7.741000,303.736000,1.207000,1.360000,1.420000,1.525000,1.493000,1.448000,1.359000,1.343000,1.325000,1.244000,5.822000,4.723000,4.073000,3.416000,2.796000,2.133000,1.669000,1.235000,0.998000,0.813600,56.220000,51.380000,46.270000,41.660000,33.400000,24.710000,18.150000,13.270000,10.580000,8.096000,2
0.611100,7.392000,270.701000,0.925600,1.222000,1.363000,1.418000,1.455000,1.381000,1.369000,1.327000,1.318000,1.226000,5.989000,4.914000,4.148000,3.427000,2.677000,2.032000,1.422000,0.988500,0.772600,0.651200,44.350000,48.050000,45.220000,38.880000,31.160000,22.450000,15.570000,10.490000,8.145000,6.386000,1
0.633300,7.902000,204.032000,0.979100,1.165000,1.340000,1.328000,1.338000,1.335000,1.272000,1.181000,1.097000,1.050000,5.395000,4.311000,3.583000,2.783000,2.044000,1.372000,0.770400,0.423000,0.319000,0.293400,42.260000,40.160000,38.410000,29.560000,21.880000,14.660000,7.841000,3.997000,2.800000,2.464000,1
0.655600,7.713000,165.670900,0.776000,0.990800,1.214000,1.237000,1.223000,1.151000,1.119000,1.062000,1.019000,0.976500,5.309000,4.351000,3.637000,2.701000,1.832000,1.138000,0.517600,0.139300,0.108900,0.139100,32.960000,34.490000,35.300000,26.730000,17.920000,10.480000,4.632000,1.184000,0.887900,1.087000,0
0.677800,8.254000,116.419600,0.799200,0.975300,1.097000,1.093000,1.085000,1.064000,0.997200,0.983600,0.956500,0.954200,4.572000,3.691000,2.793000,1.845000,1.182000,0.540600,0.103500,0.064590,0.089080,0.114600,29.230000,28.800000,24.500000,16.140000,10.260000,4.600000,0.825300,0.508200,0.681600,0.874500,0
0.700000,8.259000,91.982600,0.681000,0.848700,0.967700,0.983000,1.002000,0.946200,0.929600,0.920100,0.906500,0.885600,4.407000,3.451000,2.647000,1.792000,0.925700,0.186700,0.021500,0.025320,0.035070,0.071430,24.010000,23.430000,20.500000,14.100000,7.423000,1.413000,0.159900,0.186400,0.254300,0.506000,0
0.500000,6.825000,593.340000,1.305000,1.965000,1.827000,1.734000,1.799000,1.692000,1.648000,1.629000,1.526000,1.518000,7.896000,6.574000,5.624000,4.942000,4.384000,3.876000,3.321000,2.887000,2.627000,2.290000,82.420000,103.300000,82.200000,68.550000,63.100000,52.470000,43.780000,37.630000,32.070000,27.820000,3
0.522200,7.502000,504.230000,1.764000,1.819000,1.643000,1.762000,1.681000,1.697000,1.628000,1.498000,1.406000,1.363000,6.789000,5.589000,4.837000,4.348000,3.759000,3.233000,2.772000,2.373000,2.032000,1.873000,95.820000,81.310000,63.580000,61.270000,50.560000,43.890000,36.090000,28.430000,22.850000,20.430000,3
0.544400,7.225000,465.280000,1.379000,1.740000,1.605000,1.677000,1.691000,1.630000,1.640000,1.612000,1.522000,1.401000,6.952000,5.674000,4.923000,4.319000,3.726000,3.069000,2.537000,2.079000,1.749000,1.487000,76.670000,78.980000,63.200000,57.950000,50.400000,40.020000,33.280000,26.810000,21.300000,16.670000,2
0.566700,6.971000,422.720000,1.088000,1.614000,1.649000,1.626000,1.692000,1.681000,1.541000,1.556000,1.480000,1.411000,7.088000,5.737000,4.958000,4.105000,3.459000,2.902000,2.315000,1.837000,1.440000,1.225000,61.680000,74.090000,65.420000,53.390000,46.820000,39.020000,28.550000,22.870000,17.050000,13.830000,2
0.588900,7.701000,328.274000,1.335000,1.518000,1.451000,1.635000,1.559000,1.466000,1.445000,1.403000,1.385000,1.300000,5.936000,4.770000,4.188000,3.539000,2.755000,2.125000,1.554000,1.185000,1.073000,0.921700,63.410000,57.930000,48.630000,46.290000,34.360000,24.920000,17.960000,13.300000,11.890000,9.584000,2
0.611100,7.510000,283.829000,1.067000,1.374000,1.327000,1.517000,1.528000,1.518000,1.445000,1.339000,1.288000,1.224000,6.076000,4.835000,4.094000,3.440000,2.772000,2.031000,1.295000,0.758400,0.567000,0.620900,51.860000,53.160000,43.480000,41.740000,33.900000,24.660000,14.980000,8.125000,5.844000,6.080000,1
0.633300,7.291000,241.658000,0.852700,1.205000,1.270000,1.346000,1.403000,1.381000,1.346000,1.277000,1.219000,1.160000,5.966000,4.899000,4.026000,3.283000,2.446000,1.844000,1.213000,0.751400,0.490800,0.443700,40.700000,47.240000,40.910000,35.350000,27.450000,20.370000,13.060000,7.674000,4.785000,4.119000,1
0.655600,8.002000,175.181000,0.925000,1.168000,1.288000,1.364000,1.265000,1.279000,1.209000,1.154000,1.107000,1.068000,5.116000,4.073000,3.366000,2.538000,1.641000,0.987400,0.515600,0.226400,0.170200,0.185600,37.860000,38.070000,34.690000,27.690000,16.600000,10.100000,4.988000,2.091000,1.507000,1.585000,0
0.677800,7.875000,141.938800,0.748400,1.020000,1.211000,1.253000,1.254000,1.209000,1.177000,1.135000,1.101000,1.095000,4.953000,4.038000,3.307000,2.296000,1.409000,0.676700,0.128500,0.073620,0.097150,0.102700,29.650000,32.930000,32.030000,23.020000,14.130000,6.545000,1.210000,0.668300,0.855700,0.899800,0
0.700000,8.384000,100.609500,0.753000,0.982600,1.119000,1.133000,1.142000,1.111000,1.052000,1.041000,1.023000,1.016000,4.243000,3.394000,2.570000,1.624000,0.804300,0.189700,0.032840,0.024420,0.054600,0.083460,25.560000,26.680000,23.010000,14.720000,7.350000,1.685000,0.276300,0.203400,0.446700,0.678100,0
0.500000,6.460000,643.190000,1.048000,1.895000,1.963000,1.906000,1.886000,1.814000,1.798000,1.716000,1.734000,1.640000,8.316000,7.170000,5.916000,5.215000,4.634000,4.018000,3.546000,3.035000,2.846000,2.440000,69.720000,108.700000,92.890000,79.500000,69.920000,58.300000,51.000000,41.660000,39.480000,32.020000,3
0.522200,7.052000,559.900000,1.495000,1.839000,1.885000,1.910000,2.026000,1.716000,1.656000,1.617000,1.578000,1.476000,7.294000,6.244000,5.221000,4.593000,4.090000,3.308000,2.805000,2.539000,2.190000,1.907000,87.250000,91.860000,78.710000,70.190000,66.300000,45.410000,37.160000,32.860000,27.650000,22.510000,3
0.544400,6.752000,509.710000,1.050000,1.788000,1.734000,1.622000,1.866000,1.810000,1.729000,1.717000,1.581000,1.496000,7.530000,6.396000,5.256000,4.558000,4.053000,3.276000,2.671000,2.468000,1.975000,1.603000,63.220000,91.470000,72.930000,59.140000,60.500000,47.430000,36.950000,33.910000,24.980000,19.180000,3
0.566700,7.431000,425.120000,1.505000,1.648000,1.612000,1.764000,1.708000,1.625000,1.599000,1.531000,1.479000,1.446000,6.556000,5.418000,4.654000,4.006000,3.339000,2.662000,2.091000,1.649000,1.436000,1.211000,78.940000,71.440000,60.020000,56.540000,45.630000,34.610000,26.750000,20.200000,16.990000,14.000000,2
0.588900,7.116000,374.080000,1.049000,1.521000,1.537000,1.626000,1.609000,1.644000,1.606000,1.498000,1.505000,1.425000,6.801000,5.575000,4.654000,3.896000,3.208000,2.643000,1.959000,1.422000,1.074000,0.880000,57.090000,67.840000,57.240000,50.680000,41.280000,34.760000,25.170000,17.050000,12.940000,10.030000,2
0.611100,7.754000,294.836000,1.221000,1.446000,1.586000,1.561000,1.552000,1.549000,1.467000,1.400000,1.323000,1.288000,5.825000,4.789000,3.991000,3.189000,2.428000,1.800000,1.302000,0.928100,0.724200,0.613600,56.880000,55.410000,50.620000,39.830000,30.150000,22.300000,15.270000,10.390000,7.665000,6.321000,2
0.633300,7.420000,258.477000,0.943300,1.281000,1.453000,1.567000,1.428000,1.448000,1.401000,1.358000,1.267000,1.214000,5.895000,4.960000,4.102000,3.447000,2.359000,1.628000,1.042000,0.601700,0.428400,0.401500,44.490000,50.840000,47.670000,43.210000,26.950000,18.860000,11.680000,6.536000,4.342000,3.899000,1
0.655600,7.864000,195.392000,1.025000,1.225000,1.385000,1.385000,1.377000,1.347000,1.247000,1.197000,1.151000,1.123000,5.437000,4.274000,3.558000,2.654000,1.810000,1.071000,0.397700,0.174500,0.151900,0.176500,44.580000,41.870000,39.430000,29.400000,19.940000,11.550000,3.966000,1.671000,1.399000,1.586000,0
0.677800,7.503000,165.119500,0.713300,1.034000,1.212000,1.205000,1.275000,1.274000,1.215000,1.143000,1.122000,1.083000,5.359000,4.490000,3.533000,2.622000,1.853000,1.132000,0.477000,0.122100,0.077980,0.112600,30.580000,37.130000,34.260000,25.280000,18.900000,11.540000,4.638000,1.116000,0.700100,0.975400,0
0.700000,8.218000,116.453700,0.784900,1.002000,1.159000,1.158000,1.151000,1.133000,1.119000,1.083000,1.075000,1.064000,4.654000,3.714000,2.856000,1.834000,0.994400,0.305800,0.064990,0.072500,0.045870,0.053790,29.220000,29.770000,26.470000,17.000000,9.159000,2.772000,0.582000,0.628200,0.394500,0.458000,0
0.500000,7.136000,638.600000,1.700000,2.049000,2.070000,2.040000,1.977000,1.855000,1.768000,1.656000,1.500000,1.351000,7.684000,6.233000,5.444000,4.950000,4.314000,3.773000,3.225000,2.898000,2.475000,2.130000,104.500000,102.200000,90.160000,80.800000,68.230000,56.000000,45.610000,38.390000,29.690000,23.020000,3
0.522200,6.677000,598.050000,1.168000,1.869000,1.963000,1.916000,1.974000,1.909000,1.798000,1.754000,1.679000,1.564000,7.967000,6.622000,5.559000,4.840000,4.265000,3.720000,3.248000,2.687000,2.301000,1.889000,74.440000,99.000000,87.310000,74.200000,67.340000,56.810000,46.710000,37.700000,30.910000,23.630000,3
0.544400,7.306000,505.400000,1.496000,1.821000,1.891000,1.911000,1.887000,1.815000,1.855000,1.708000,1.631000,1.492000,6.817000,5.855000,4.934000,4.169000,3.729000,2.936000,2.464000,1.915000,1.700000,1.369000,81.570000,85.290000,74.630000,63.740000,56.290000,42.630000,36.560000,26.170000,22.180000,16.340000,3
0.566700,7.005000,463.000000,1.177000,1.795000,1.687000,1.732000,1.824000,1.775000,1.661000,1.631000,1.641000,1.539000,7.163000,5.886000,4.916000,4.348000,3.578000,3.030000,2.360000,1.846000,1.426000,1.223000,67.450000,84.520000,66.360000,60.230000,52.220000,43.020000,31.360000,24.080000,18.710000,15.050000,3
0.588900,7.823000,360.920000,1.493000,1.580000,1.636000,1.767000,1.702000,1.749000,1.662000,1.543000,1.551000,1.475000,5.911000,4.911000,4.171000,3.490000,2.585000,2.128000,1.681000,1.215000,0.949000,0.866300,70.580000,62.090000,54.600000,49.340000,35.200000,29.770000,22.350000,15.000000,11.770000,10.220000,2
0.611100,7.442000,330.923000,1.216000,1.566000,1.559000,1.638000,1.626000,1.689000,1.610000,1.512000,1.452000,1.335000,6.147000,5.014000,4.197000,3.516000,2.686000,1.945000,1.547000,1.111000,0.792000,0.568500,59.810000,62.820000,52.350000,46.080000,34.940000,26.290000,19.920000,13.440000,9.200000,6.073000,2
0.633300,7.075000,286.981000,0.808000,1.243000,1.425000,1.625000,1.648000,1.606000,1.560000,1.570000,1.503000,1.420000,6.107000,5.383000,4.270000,3.547000,2.689000,1.988000,1.353000,0.875200,0.520400,0.359600,39.470000,53.520000,48.680000,46.100000,35.450000,25.540000,16.890000,10.990000,6.256000,4.085000,1
0.655600,7.538000,216.104000,0.865700,1.165000,1.372000,1.470000,1.419000,1.411000,1.345000,1.313000,1.282000,1.231000,5.617000,4.753000,3.863000,2.918000,2.021000,1.380000,0.817100,0.442300,0.233100,0.189400,38.910000,44.290000,42.390000,34.300000,22.940000,15.580000,8.792000,4.647000,2.390000,1.865000,0
0.677800,7.373000,177.070000,0.733000,0.991000,1.207000,1.335000,1.382000,1.401000,1.381000,1.396000,1.330000,1.322000,5.581000,4.737000,3.583000,2.877000,1.885000,1.036000,0.437900,0.140600,0.126500,0.119900,32.730000,37.560000,34.590000,30.720000,20.840000,11.610000,4.837000,1.569000,1.346000,1.268000,0
0.700000,8.230000,119.501800,0.871500,1.055000,1.147000,1.178000,1.240000,1.173000,1.111000,1.090000,1.037000,1.006000,4.590000,3.740000,2.695000,1.692000,1.025000,0.294000,0.059160,0.042930,0.079010,0.097970,32.000000,31.570000,24.730000,15.940000,10.160000,2.758000,0.525800,0.374200,0.655500,0.788300,0
0.500000,7.012000,660.160000,1.705000,2.146000,2.046000,1.983000,2.005000,1.954000,1.855000,1.787000,1.752000,1.587000,7.734000,6.565000,5.520000,4.728000,4.218000,3.700000,3.327000,2.776000,2.509000,2.116000,105.500000,112.700000,90.340000,75.010000,67.650000,57.860000,49.380000,39.690000,35.170000,26.860000,3
0.522200,6.570000,627.310000,1.090000,2.078000,2.059000,1.938000,1.998000,2.005000,1.937000,1.776000,1.694000,1.547000,7.929000,6.853000,5.682000,5.001000,4.459000,3.706000,3.187000,2.684000,2.297000,1.925000,69.130000,113.900000,93.580000,77.520000,71.270000,59.440000,49.390000,38.140000,31.120000,23.820000,3
0.544400,7.272000,524.510000,1.674000,1.905000,1.879000,1.924000,1.854000,1.738000,1.737000,1.669000,1.578000,1.502000,7.070000,5.785000,4.935000,4.347000,3.601000,3.019000,2.586000,2.070000,1.767000,1.611000,94.660000,88.150000,74.180000,66.900000,53.400000,41.990000,35.930000,27.630000,22.320000,19.350000,3
0.566700,6.941000,479.740000,1.136000,1.721000,1.753000,1.926000,1.904000,1.838000,1.748000,1.681000,1.622000,1.509000,7.189000,5.997000,5.088000,4.394000,3.501000,3.066000,2.443000,1.925000,1.530000,1.197000,65.330000,82.590000,71.370000,67.710000,53.320000,45.070000,34.160000,25.890000,19.850000,14.450000,3
0.588900,7.630000,385.072000,1.568000,1.615000,1.649000,1.836000,1.773000,1.766000,1.649000,1.596000,1.503000,1.390000,6.147000,5.013000,4.359000,3.681000,2.875000,2.143000,1.726000,1.313000,0.974000,0.838200,77.100000,64.770000,57.500000,54.080000,40.780000,30.280000,22.770000,16.760000,11.710000,9.322000,2
0.611100,7.215000,351.635000,1.068000,1.603000,1.643000,1.652000,1.694000,1.729000,1.686000,1.682000,1.584000,1.546000,6.513000,5.218000,4.416000,3.598000,2.904000,2.088000,1.546000,1.093000,0.860300,0.706400,55.630000,66.930000,58.060000,47.550000,39.360000,28.900000,20.860000,14.710000,10.900000,8.735000,2
0.633300,7.851000,263.689000,1.254000,1.428000,1.488000,1.624000,1.577000,1.550000,1.548000,1.456000,1.325000,1.269000,5.644000,4.478000,3.600000,2.912000,2.194000,1.587000,1.032000,0.636300,0.407200,0.332200,56.620000,51.150000,42.860000,37.830000,27.680000,19.680000,12.770000,7.410000,4.317000,3.372000,1
0.655600,7.506000,233.684000,0.943000,1.219000,1.492000,1.561000,1.558000,1.577000,1.434000,1.367000,1.312000,1.279000,5.783000,4.671000,3.745000,3.000000,2.200000,1.409000,0.751900,0.438900,0.204500,0.151400,43.630000,45.560000,44.710000,37.470000,27.410000,17.780000,8.627000,4.801000,2.147000,1.549000,1
0.677800,7.412000,187.360200,0.779900,1.034000,1.253000,1.380000,1.452000,1.490000,1.451000,1.324000,1.277000,1.267000,5.629000,4.587000,3.685000,2.762000,1.751000,1.102000,0.650700,0.358800,0.135800,0.060220,35.120000,37.960000,36.950000,30.500000,20.350000,13.130000,7.553000,3.800000,1.387000,0.610200,0
0.700000,8.332000,122.062400,0.882600,1.118000,1.206000,1.283000,1.236000,1.268000,1.233000,1.197000,1.175000,1.160000,4.528000,3.568000,2.624000,1.784000,0.937300,0.290400,0.084340,0.062000,0.054990,0.040780,31.970000,31.920000,25.320000,18.320000,9.265000,2.946000,0.832100,0.593900,0.517000,0.378400,0
0.500000,7.182000,691.210000,1.945000,2.327000,2.081000,2.135000,1.848000,1.887000,1.922000,1.820000,1.741000,1.635000,7.524000,6.497000,5.600000,4.843000,4.199000,3.698000,3.274000,2.885000,2.622000,2.330000,117.100000,120.900000,93.230000,82.710000,62.070000,55.840000,50.340000,42.010000,36.530000,30.480000,3
0.522200,6.813000,623.760000,1.356000,2.181000,1.929000,2.023000,2.059000,1.907000,1.868000,1.833000,1.710000,1.659000,7.666000,6.540000,5.626000,4.813000,4.195000,3.566000,3.113000,2.451000,2.160000,1.978000,83.130000,114.100000,86.820000,77.910000,69.110000,54.410000,46.520000,35.950000,29.550000,26.260000,3
0.544400,7.418000,541.990000,1.839000,2.026000,1.755000,2.019000,1.926000,1.888000,1.783000,1.685000,1.622000,1.503000,6.782000,5.762000,5.044000,4.471000,3.606000,2.975000,2.408000,2.077000,1.851000,1.577000,99.790000,93.390000,70.810000,72.200000,55.560000,44.930000,34.340000,28.000000,24.010000,18.960000,3
0.566700,7.112000,486.010000,1.219000,1.957000,1.866000,1.954000,1.856000,1.697000,1.733000,1.690000,1.614000,1.659000,6.943000,6.038000,4.904000,4.376000,3.665000,2.647000,2.224000,1.847000,1.468000,1.285000,67.720000,94.530000,73.190000,68.400000,54.410000,35.940000,30.850000,24.970000,18.950000,17.050000,3
0.588900,7.741000,399.588000,1.624000,1.770000,1.716000,1.972000,1.836000,1.717000,1.671000,1.659000,1.543000,1.499000,6.110000,5.086000,4.244000,3.651000,2.958000,2.259000,1.631000,1.191000,0.891100,0.768500,79.390000,72.030000,58.260000,57.590000,43.440000,31.040000,21.820000,15.800000,11.000000,9.218000,2
0.611100,7.422000,356.805000,1.209000,1.619000,1.683000,1.818000,1.742000,1.693000,1.653000,1.622000,1.555000,1.462000,6.352000,5.294000,4.240000,3.477000,2.806000,2.056000,1.431000,1.093000,0.855800,0.723000,61.440000,68.550000,57.080000,50.570000,39.100000,27.840000,18.930000,14.190000,10.650000,8.455000,2
0.633300,7.104000,311.735000,0.908700,1.373000,1.560000,1.705000,1.605000,1.573000,1.520000,1.446000,1.344000,1.293000,6.428000,5.420000,4.388000,3.724000,2.905000,2.219000,1.513000,0.839500,0.393900,0.228000,46.730000,59.520000,54.760000,50.800000,37.300000,27.920000,18.400000,9.710000,4.236000,2.359000,1
0.655600,7.763000,229.682000,0.998400,1.325000,1.562000,1.642000,1.556000,1.480000,1.400000,1.316000,1.264000,1.206000,5.542000,4.630000,3.735000,2.858000,1.957000,1.276000,0.635000,0.296900,0.109000,0.137000,44.260000,49.060000,46.680000,37.550000,24.360000,15.110000,7.112000,3.126000,1.102000,1.322000,1
0.677800,7.286000,192.681900,0.718900,1.049000,1.303000,1.437000,1.454000,1.466000,1.397000,1.319000,1.311000,1.299000,5.582000,4.731000,3.744000,2.959000,1.994000,1.196000,0.530600,0.200700,0.151000,0.093140,32.100000,39.710000,39.030000,34.020000,23.190000,14.030000,5.932000,2.118000,1.584000,0.967900,0
0.700000,8.300000,132.298600,0.867200,1.098000,1.276000,1.350000,1.353000,1.373000,1.332000,1.291000,1.262000,1.240000,4.772000,3.718000,2.781000,1.866000,0.999100,0.321000,0.072770,0.068970,0.109500,0.106700,33.110000,32.660000,28.390000,20.150000,10.810000,3.527000,0.775400,0.712200,1.105000,1.059000,0
0.500000,6.746000,718.570000,1.520000,2.164000,2.306000,2.183000,2.191000,2.130000,1.890000,1.914000,1.785000,1.682000,8.254000,7.068000,5.714000,5.103000,4.320000,3.837000,3.191000,2.824000,2.574000,2.371000,100.400000,122.400000,105.400000,89.130000,75.730000,65.370000,48.240000,43.240000,36.760000,31.900000,3
0.522200,7.269000,640.420000,1.932000,2.131000,2.071000,2.165000,2.011000,2.078000,1.885000,1.775000,1.715000,1.715000,7.438000,6.188000,5.069000,4.656000,4.017000,3.504000,2.838000,2.455000,2.139000,1.851000,115.000000,105.500000,84.000000,80.650000,64.630000,58.240000,42.810000,34.850000,29.350000,25.390000,3
0.544400,6.833000,596.910000,1.296000,2.095000,1.990000,2.055000,2.053000,2.090000,1.999000,1.954000,1.838000,1.716000,7.696000,6.430000,5.379000,4.571000,3.796000,3.212000,2.753000,2.382000,1.974000,1.626000,79.790000,107.700000,85.620000,75.150000,62.350000,53.690000,44.020000,37.240000,29.030000,22.320000,3
0.566700,7.513000,489.470000,1.702000,1.963000,1.772000,1.964000,1.990000,1.902000,1.876000,1.761000,1.682000,1.691000,6.716000,5.582000,4.686000,3.833000,3.190000,2.734000,2.205000,1.649000,1.321000,1.277000,91.440000,87.650000,66.410000,60.220000,50.790000,41.590000,33.090000,23.230000,17.780000,17.270000,3
0.588900,7.008000,448.610000,1.141000,1.867000,1.920000,1.748000,1.902000,1.827000,1.791000,1.750000,1.691000,1.619000,7.066000,5.869000,4.854000,4.049000,3.454000,2.656000,1.849000,1.414000,1.115000,0.966700,64.490000,87.650000,74.580000,56.610000,52.560000,38.830000,26.490000,19.800000,15.080000,12.520000,3
0.611100,7.617000,358.432000,1.412000,1.646000,1.705000,1.762000,1.797000,1.712000,1.678000,1.606000,1.558000,1.478000,6.166000,5.029000,4.242000,3.595000,2.844000,1.947000,1.295000,0.995400,0.742300,0.594500,69.660000,66.220000,57.870000,50.690000,40.870000,26.670000,17.380000,12.790000,9.255000,7.027000,2
0.633300,7.136000,320.572000,0.932400,1.423000,1.729000,1.701000,1.672000,1.560000,1.597000,1.521000,1.437000,1.346000,6.525000,5.475000,4.468000,3.574000,2.815000,1.918000,1.309000,0.862600,0.563600,0.357900,48.670000,62.310000,61.810000,48.630000,37.650000,23.940000,16.730000,10.500000,6.479000,3.853000,1
0.655600,7.664000,248.565000,1.071000,1.459000,1.571000,1.700000,1.694000,1.639000,1.499000,1.327000,1.311000,1.343000,5.765000,4.696000,3.797000,2.756000,2.059000,1.235000,0.623000,0.325900,0.247400,0.146300,49.380000,54.810000,47.720000,37.470000,27.900000,16.190000,7.470000,3.459000,2.594000,1.572000,1
0.677800,8.055000,181.507000,1.017000,1.265000,1.429000,1.505000,1.477000,1.455000,1.375000,1.346000,1.324000,1.292000,5.071000,4.110000,3.224000,2.404000,1.472000,0.705100,0.276300,0.122000,0.117700,0.159600,41.260000,41.600000,36.870000,28.930000,17.390000,8.208000,3.039000,1.314000,1.246000,1.650000,0
0.700000,7.907000,153.012800,0.799300,1.126000,1.302000,1.373000,1.384000,1.330000,1.267000,1.225000,1.217000,1.180000,5.007000,4.163000,3.113000,2.185000,1.452000,0.637100,0.080100,0.123100,0.132500,0.094970,32.020000,37.500000,32.430000,24.000000,16.080000,6.779000,0.812100,1.206000,1.289000,0.896700,0
0.500000,6.512000,734.480000,1.163000,2.095000,2.252000,2.140000,2.153000,2.011000,2.014000,1.801000,1.839000,1.725000,8.312000,7.394000,6.234000,5.509000,4.782000,3.990000,3.572000,3.185000,2.870000,2.489000,77.320000,123.900000,112.300000,94.340000,82.390000,64.180000,57.570000,45.900000,42.230000,34.350000,3
0.522200,6.942000,659.460000,1.504000,2.145000,2.122000,2.187000,2.210000,2.082000,2.019000,2.024000,1.871000,1.759000,7.725000,6.441000,5.443000,4.808000,4.136000,3.456000,2.801000,2.483000,2.261000,2.095000,92.960000,110.500000,92.410000,84.120000,73.130000,57.560000,45.250000,40.200000,33.850000,29.480000,3
0.544400,7.480000,566.180000,1.871000,2.029000,1.965000,2.109000,2.057000,2.026000,1.843000,1.763000,1.713000,1.666000,6.803000,5.794000,4.874000,4.354000,3.593000,3.014000,2.534000,2.125000,1.736000,1.587000,101.800000,94.080000,76.600000,73.450000,59.110000,48.850000,37.370000,29.970000,23.790000,21.160000,3
0.566700,6.948000,513.880000,1.202000,1.943000,1.969000,1.861000,1.993000,1.858000,1.827000,1.857000,1.773000,1.702000,7.261000,6.328000,5.028000,4.282000,3.629000,2.857000,2.323000,2.028000,1.516000,1.240000,69.790000,98.360000,79.200000,63.760000,57.860000,42.460000,33.940000,30.120000,21.500000,16.890000,3
0.588900,6.729000,459.810000,0.949600,1.599000,1.909000,1.765000,1.979000,1.898000,1.837000,1.795000,1.711000,1.686000,7.302000,6.264000,5.121000,4.304000,3.632000,2.884000,2.111000,1.548000,1.263000,0.992300,55.470000,80.140000,78.210000,60.790000,57.490000,43.800000,31.020000,22.220000,17.290000,13.380000,3
0.611100,7.405000,372.034000,1.248000,1.623000,1.765000,1.839000,1.861000,1.732000,1.615000,1.558000,1.426000,1.369000,6.484000,5.210000,4.447000,3.650000,2.777000,2.105000,1.589000,1.120000,0.840500,0.779300,64.750000,67.640000,62.790000,53.710000,41.350000,29.170000,20.540000,13.960000,9.589000,8.535000,2
0.633300,8.005000,283.750000,1.317000,1.611000,1.764000,1.711000,1.765000,1.705000,1.679000,1.578000,1.434000,1.379000,5.626000,4.626000,3.566000,2.759000,2.186000,1.456000,0.863800,0.465600,0.320600,0.438400,59.300000,59.630000,50.340000,37.760000,30.860000,19.870000,11.600000,5.876000,3.679000,4.835000,2
0.655600,7.508000,253.933000,1.017000,1.311000,1.530000,1.629000,1.703000,1.632000,1.504000,1.429000,1.433000,1.396000,5.918000,4.804000,3.955000,2.859000,2.192000,1.573000,0.850800,0.379500,0.224200,0.197300,48.160000,50.360000,48.400000,37.260000,29.860000,20.540000,10.240000,4.339000,2.570000,2.204000,1
0.677800,8.131000,183.872000,1.082000,1.339000,1.526000,1.443000,1.460000,1.413000,1.357000,1.303000,1.250000,1.264000,5.017000,4.066000,3.353000,2.241000,1.322000,0.550300,0.253800,0.152700,0.198100,0.204100,43.430000,43.570000,40.950000,25.870000,15.440000,6.221000,2.755000,1.592000,1.980000,2.064000,0
0.700000,7.857000,159.478500,0.869300,1.115000,1.318000,1.413000,1.376000,1.351000,1.298000,1.208000,1.199000,1.181000,5.080000,4.180000,3.364000,2.398000,1.394000,0.545500,0.120200,0.089800,0.038580,0.060110,35.330000,37.280000,35.460000,27.120000,15.340000,5.895000,1.248000,0.867900,0.369900,0.567700,0
0.500000,7.401000,478.020000,1.512000,1.600000,1.553000,1.610000,1.563000,1.486000,1.396000,1.364000,1.297000,1.226000,6.856000,5.703000,5.067000,4.521000,3.977000,3.476000,3.025000,2.701000,2.412000,2.199000,82.940000,73.010000,62.930000,58.240000,49.730000,41.310000,33.780000,29.480000,25.030000,21.570000,3
0.522200,6.943000,449.880000,1.116000,1.527000,1.491000,1.534000,1.475000,1.450000,1.420000,1.352000,1.346000,1.305000,7.329000,6.071000,5.188000,4.605000,3.996000,3.351000,2.931000,2.542000,2.251000,1.990000,65.450000,74.150000,61.900000,56.530000,47.160000,38.860000,33.310000,27.490000,24.250000,20.780000,2
0.544400,7.513000,373.370000,1.297000,1.420000,1.424000,1.458000,1.405000,1.412000,1.304000,1.339000,1.253000,1.177000,6.454000,5.390000,4.617000,3.991000,3.345000,2.727000,2.260000,1.953000,1.772000,1.629000,66.980000,61.250000,52.580000,46.540000,37.600000,30.810000,23.580000,20.920000,17.760000,15.350000,2
0.566700,6.954000,344.550000,0.845400,1.285000,1.328000,1.402000,1.401000,1.356000,1.365000,1.319000,1.306000,1.244000,6.930000,5.700000,4.811000,4.088000,3.451000,2.889000,2.290000,1.767000,1.479000,1.303000,46.870000,58.590000,51.130000,45.840000,38.690000,31.350000,25.010000,18.640000,15.450000,12.980000,2
0.588900,7.597000,277.979000,1.071000,1.262000,1.327000,1.322000,1.319000,1.271000,1.268000,1.201000,1.178000,1.111000,6.071000,4.937000,4.158000,3.458000,2.781000,2.136000,1.594000,1.215000,0.962800,0.836500,52.000000,49.830000,44.150000,36.580000,29.350000,21.720000,16.170000,11.670000,9.073000,7.436000,1
0.611100,7.323000,240.043000,0.801000,1.103000,1.253000,1.252000,1.252000,1.266000,1.177000,1.168000,1.100000,1.072000,6.178000,4.983000,4.202000,3.416000,2.743000,2.057000,1.394000,0.921300,0.629300,0.535000,39.590000,43.980000,42.110000,34.200000,27.460000,20.840000,13.130000,8.607000,5.538000,4.588000,1
0.633300,7.996000,179.862000,0.900000,1.078000,1.213000,1.189000,1.161000,1.171000,1.131000,1.076000,1.014000,0.981300,5.278000,4.321000,3.520000,2.735000,1.975000,1.322000,0.761600,0.368800,0.212400,0.242800,38.000000,37.260000,34.170000,26.020000,18.340000,12.380000,6.889000,3.175000,1.722000,1.906000,0
0.655600,7.548000,156.865700,0.663600,0.875700,1.036000,1.104000,1.111000,1.063000,1.061000,1.022000,0.956700,0.931300,5.490000,4.596000,3.681000,2.902000,2.143000,1.342000,0.664700,0.180500,0.102900,0.140000,29.150000,32.200000,30.500000,25.620000,19.040000,11.410000,5.640000,1.475000,0.787700,1.043000,0
0.677800,8.698000,98.286100,0.775000,0.960700,1.008000,0.996000,0.982600,0.957900,0.906100,0.906700,0.874800,0.854300,4.267000,3.362000,2.555000,1.747000,0.949300,0.238800,0.058090,0.070170,0.086110,0.093870,26.450000,25.840000,20.610000,13.920000,7.462000,1.830000,0.421000,0.508900,0.602600,0.641600,0
0.700000,8.850000,72.534800,0.702500,0.841900,0.867000,0.872500,0.832800,0.816900,0.803300,0.783600,0.773500,0.754100,3.968000,3.095000,2.245000,1.345000,0.501300,0.022190,0.022020,0.037350,0.049490,0.043560,22.300000,20.850000,15.570000,9.385000,3.340000,0.145100,0.141500,0.234200,0.306200,0.262800,0
0.500000,7.271000,509.880000,1.458000,1.713000,1.654000,1.583000,1.624000,1.609000,1.507000,1.380000,1.320000,1.245000,7.106000,5.912000,5.242000,4.667000,4.096000,3.604000,3.224000,2.768000,2.453000,2.267000,82.870000,81.030000,69.380000,59.090000,53.230000,46.400000,38.850000,30.550000,25.900000,22.580000,3
0.522200,6.853000,478.960000,1.151000,1.595000,1.576000,1.536000,1.650000,1.512000,1.415000,1.444000,1.446000,1.322000,7.429000,6.175000,5.270000,4.733000,4.163000,3.490000,2.992000,2.588000,2.206000,1.962000,68.430000,78.770000,66.440000,58.160000,54.950000,42.200000,33.850000,29.900000,25.520000,20.740000,3
0.544400,7.523000,398.450000,1.399000,1.476000,1.505000,1.558000,1.459000,1.460000,1.432000,1.345000,1.308000,1.222000,6.446000,5.359000,4.708000,4.086000,3.320000,2.833000,2.443000,2.062000,1.772000,1.522000,72.140000,63.270000,56.670000,50.930000,38.760000,33.100000,27.970000,22.190000,18.540000,14.880000,2
0.566700,7.211000,360.580000,1.111000,1.382000,1.400000,1.450000,1.516000,1.413000,1.397000,1.313000,1.281000,1.241000,6.684000,5.413000,4.662000,4.093000,3.423000,2.707000,2.190000,1.792000,1.413000,1.179000,59.410000,59.840000,52.230000,47.490000,41.520000,30.600000,24.470000,18.830000,14.480000,11.710000,2
0.588900,7.858000,284.346000,1.208000,1.361000,1.365000,1.422000,1.419000,1.417000,1.402000,1.324000,1.286000,1.203000,5.773000,4.745000,4.082000,3.269000,2.528000,1.953000,1.494000,1.090000,0.849000,0.758300,55.770000,51.640000,44.580000,37.180000,28.700000,22.140000,16.760000,11.540000,8.738000,7.298000,2
0.611100,7.607000,251.981000,0.996800,1.262000,1.322000,1.414000,1.306000,1.301000,1.295000,1.238000,1.165000,1.135000,5.919000,4.762000,3.955000,3.251000,2.488000,1.854000,1.353000,0.886900,0.592500,0.497200,47.200000,48.060000,41.820000,36.770000,26.000000,19.290000,14.020000,8.782000,5.523000,4.516000,1
0.633300,8.256000,181.810000,1.049000,1.198000,1.246000,1.237000,1.253000,1.243000,1.186000,1.161000,1.060000,1.026000,4.984000,3.969000,3.263000,2.548000,1.759000,1.219000,0.699400,0.382600,0.256700,0.254700,41.810000,38.030000,32.540000,25.210000,17.640000,12.120000,6.637000,3.555000,2.177000,2.091000,0
0.655600,7.659000,165.260400,0.745600,1.018000,1.130000,1.152000,1.150000,1.206000,1.127000,1.069000,1.016000,0.996700,5.460000,4.419000,3.567000,2.751000,1.985000,1.242000,0.551100,0.178100,0.122700,0.170800,32.570000,35.990000,32.260000,25.350000,18.260000,11.980000,4.968000,1.523000,0.997400,1.362000,0
0.677800,7.770000,127.140900,0.671600,0.892600,1.054000,1.025000,1.023000,1.035000,1.019000,0.979600,0.957500,0.930100,5.145000,4.184000,3.327000,2.438000,1.475000,0.788800,0.184300,0.034660,0.061670,0.097560,27.640000,29.880000,28.060000,19.990000,12.070000,6.529000,1.502000,0.271600,0.472400,0.725900,0
0.700000,8.077000,96.059900,0.626800,0.810800,0.936600,0.951900,0.942200,0.912700,0.895400,0.864600,0.860400,0.844500,4.672000,3.730000,2.835000,1.966000,1.102000,0.369200,0.033520,0.045200,0.051990,0.043860,23.430000,24.200000,21.250000,14.970000,8.307000,2.696000,0.240100,0.312600,0.357900,0.296300,0
0.500000,7.333000,547.260000,1.598000,1.885000,1.777000,1.718000,1.666000,1.692000,1.547000,1.498000,1.398000,1.317000,7.040000,6.035000,5.290000,4.737000,4.098000,3.531000,3.116000,2.816000,2.474000,2.239000,89.990000,90.990000,75.200000,65.090000,54.610000,47.800000,38.570000,33.740000,27.680000,23.590000,3
0.522200,7.124000,505.550000,1.368000,1.706000,1.683000,1.676000,1.732000,1.606000,1.647000,1.583000,1.478000,1.423000,7.196000,6.035000,5.010000,4.588000,3.999000,3.347000,2.872000,2.496000,2.178000,1.911000,78.770000,82.390000,67.460000,61.530000,55.410000,43.010000,37.860000,31.610000,25.750000,21.760000,3
0.544400,6.817000,455.100000,1.028000,1.578000,1.634000,1.623000,1.681000,1.583000,1.575000,1.543000,1.415000,1.402000,7.267000,6.034000,5.128000,4.450000,3.864000,3.235000,2.666000,2.328000,1.919000,1.551000,59.780000,76.180000,67.020000,57.780000,51.970000,40.960000,33.580000,28.730000,21.710000,17.390000,2
0.566700,7.517000,373.640000,1.294000,1.596000,1.531000,1.583000,1.550000,1.536000,1.482000,1.435000,1.440000,1.372000,6.237000,5.180000,4.418000,3.758000,3.219000,2.613000,2.010000,1.519000,1.295000,1.187000,64.560000,66.130000,54.130000,47.590000,39.920000,32.100000,23.830000,17.440000,14.920000,13.020000,2
0.588900,7.248000,332.681000,1.051000,1.377000,1.435000,1.569000,1.520000,1.465000,1.465000,1.444000,1.394000,1.300000,6.375000,5.241000,4.357000,3.645000,3.018000,2.432000,1.893000,1.453000,1.134000,0.843400,53.580000,57.720000,50.040000,45.750000,36.710000,28.500000,22.190000,16.780000,12.640000,8.771000,2
0.611100,7.788000,256.189000,1.124000,1.306000,1.390000,1.456000,1.463000,1.387000,1.358000,1.283000,1.272000,1.208000,5.563000,4.604000,3.861000,3.057000,2.337000,1.742000,1.194000,0.833000,0.617000,0.522500,50.000000,48.090000,42.950000,35.610000,27.350000,19.340000,12.970000,8.551000,6.278000,5.050000,1
0.633300,7.481000,225.806000,0.899300,1.209000,1.291000,1.364000,1.390000,1.380000,1.380000,1.227000,1.128000,1.048000,5.767000,4.647000,3.843000,3.076000,2.344000,1.668000,1.027000,0.514500,0.320900,0.280300,41.490000,44.960000,39.700000,33.550000,26.060000,18.410000,11.340000,5.050000,2.896000,2.350000,1
0.655600,7.323000,191.101000,0.691200,1.003000,1.193000,1.264000,1.283000,1.299000,1.219000,1.168000,1.104000,1.069000,5.659000,4.794000,3.832000,3.135000,2.294000,1.503000,0.856900,0.358500,0.141900,0.111500,31.290000,38.480000,36.560000,31.690000,23.550000,15.620000,8.355000,3.349000,1.253000,0.954000,0
0.677800,7.909000,133.025200,0.769400,0.960400,1.116000,1.147000,1.117000,1.070000,1.014000,0.999200,0.979600,0.943100,4.882000,4.046000,3.165000,2.414000,1.417000,0.697200,0.158400,0.038270,0.066440,0.099100,30.050000,31.090000,28.250000,22.140000,12.670000,5.967000,1.284000,0.305900,0.520600,0.747700,0
0.700000,8.431000,92.872700,0.771600,0.885900,1.022000,1.068000,1.056000,1.025000,0.985300,0.966700,0.949200,0.930900,4.276000,3.476000,2.544000,1.549000,0.722900,0.059660,0.035920,0.040180,0.033330,0.048440,26.400000,24.630000,20.810000,13.230000,6.106000,0.489000,0.283200,0.310700,0.253100,0.360700,0
0.500000,7.307000,588.870000,1.785000,2.048000,1.845000,1.751000,1.846000,1.808000,1.658000,1.613000,1.500000,1.415000,7.236000,5.967000,5.166000,4.684000,4.171000,3.601000,3.155000,2.754000,2.440000,2.264000,103.300000,97.750000,76.240000,65.620000,61.590000,52.100000,41.830000,35.530000,29.280000,25.630000,3
0.522200,7.023000,545.960000,1.404000,1.750000,1.809000,1.800000,1.817000,1.774000,1.648000,1.568000,1.540000,1.510000,7.401000,6.054000,5.350000,4.672000,4.055000,3.574000,2.994000,2.577000,2.234000,2.016000,83.140000,84.770000,77.440000,67.280000,58.940000,50.710000,39.480000,32.320000,27.530000,24.350000,3
0.544400,7.510000,471.100000,1.657000,1.707000,1.760000,1.817000,1.766000,1.711000,1.643000,1.571000,1.510000,1.427000,6.537000,5.368000,4.750000,4.088000,3.656000,2.961000,2.355000,1.929000,1.665000,1.515000,86.680000,73.320000,66.880000,59.430000,51.650000,40.530000,30.960000,24.250000,20.110000,17.290000,3
0.566700,7.171000,426.720000,1.247000,1.710000,1.658000,1.691000,1.706000,1.705000,1.604000,1.551000,1.537000,1.444000,6.852000,5.542000,4.655000,4.066000,3.397000,2.777000,2.127000,1.737000,1.495000,1.243000,68.350000,75.820000,61.740000,55.000000,46.370000,37.880000,27.280000,21.550000,18.380000,14.350000,2
0.588900,6.919000,375.920000,0.996100,1.563000,1.523000,1.618000,1.640000,1.655000,1.575000,1.525000,1.445000,1.365000,6.835000,5.490000,4.679000,4.008000,3.331000,2.588000,1.974000,1.425000,1.120000,0.985900,54.470000,68.640000,57.000000,51.880000,43.700000,34.260000,24.860000,17.390000,12.950000,10.770000,2
0.611100,7.667000,294.902000,1.216000,1.461000,1.569000,1.524000,1.556000,1.509000,1.370000,1.412000,1.332000,1.198000,5.878000,4.636000,4.030000,3.291000,2.562000,1.809000,1.237000,0.926900,0.806400,0.673500,57.180000,54.190000,50.590000,40.140000,31.890000,21.830000,13.560000,10.470000,8.594000,6.458000,1
0.633300,7.262000,255.987000,0.855200,1.231000,1.389000,1.413000,1.491000,1.476000,1.439000,1.389000,1.286000,1.215000,6.081000,4.994000,4.124000,3.392000,2.528000,1.777000,1.170000,0.709100,0.474200,0.375000,41.600000,49.200000,45.840000,38.330000,30.160000,20.980000,13.470000,7.882000,4.878000,3.647000,1
0.655600,8.128000,176.775000,1.013000,1.216000,1.311000,1.374000,1.344000,1.329000,1.271000,1.204000,1.179000,1.112000,4.877000,4.017000,3.179000,2.416000,1.692000,0.987700,0.402300,0.187800,0.200200,0.196400,39.530000,39.090000,33.360000,26.570000,18.190000,10.500000,4.091000,1.809000,1.888000,1.747000,0
0.677800,7.869000,149.988000,0.797000,1.050000,1.214000,1.268000,1.274000,1.237000,1.206000,1.140000,1.110000,1.071000,5.016000,4.035000,3.230000,2.409000,1.456000,0.747200,0.236200,0.134400,0.166900,0.123200,31.980000,33.900000,31.380000,24.450000,14.840000,7.395000,2.279000,1.226000,1.482000,1.056000,0
0.700000,8.185000,115.125200,0.759300,0.995100,1.111000,1.211000,1.174000,1.144000,1.085000,1.068000,1.055000,1.041000,4.435000,3.699000,2.802000,1.912000,1.058000,0.333900,0.058820,0.103300,0.070490,0.038910,26.940000,29.450000,24.910000,18.520000,9.938000,3.055000,0.510400,0.882800,0.595000,0.324000,0
0.500000,6.820000,643.170000,1.495000,2.024000,2.004000,2.067000,1.947000,1.782000,1.725000,1.679000,1.574000,1.479000,7.819000,6.658000,5.597000,5.006000,4.407000,3.662000,3.360000,3.027000,2.662000,2.366000,93.500000,107.800000,89.710000,82.750000,68.660000,52.200000,46.360000,40.670000,33.520000,28.000000,3
0.522200,7.468000,557.060000,1.839000,2.043000,1.845000,1.968000,1.809000,1.774000,1.680000,1.676000,1.555000,1.528000,6.971000,5.775000,4.902000,4.407000,3.761000,3.141000,2.862000,2.523000,2.062000,1.749000,102.600000,94.400000,72.350000,69.390000,54.420000,44.580000,38.460000,33.820000,25.660000,21.380000,3
0.544400,7.223000,510.010000,1.573000,1.841000,1.782000,1.821000,1.841000,1.866000,1.752000,1.666000,1.553000,1.487000,6.875000,5.848000,4.886000,4.322000,3.705000,3.135000,2.691000,2.104000,1.674000,1.413000,86.500000,86.140000,69.650000,62.980000,54.560000,46.800000,37.730000,28.030000,20.800000,16.820000,3
0.566700,6.817000,465.760000,1.046000,1.690000,1.712000,1.757000,1.816000,1.800000,1.699000,1.612000,1.497000,1.472000,7.271000,6.042000,5.068000,4.431000,3.648000,2.950000,2.552000,2.040000,1.593000,1.357000,60.860000,81.700000,69.400000,62.280000,52.990000,42.490000,34.690000,26.300000,19.070000,15.980000,2
0.588900,7.580000,372.139000,1.397000,1.645000,1.702000,1.748000,1.696000,1.659000,1.658000,1.534000,1.428000,1.359000,6.292000,4.986000,4.299000,3.545000,2.933000,2.230000,1.714000,1.267000,0.937200,0.898600,70.300000,65.600000,58.510000,49.570000,39.800000,29.600000,22.730000,15.550000,10.710000,9.769000,2
0.611100,7.266000,331.099000,1.129000,1.449000,1.541000,1.688000,1.660000,1.576000,1.503000,1.424000,1.355000,1.309000,6.390000,5.137000,4.308000,3.721000,2.934000,2.073000,1.387000,0.984000,0.838600,0.805700,57.730000,59.540000,53.090000,50.230000,38.960000,26.130000,16.680000,11.210000,9.090000,8.439000,1
0.633300,7.899000,257.683000,1.226000,1.391000,1.523000,1.556000,1.501000,1.475000,1.416000,1.369000,1.300000,1.252000,5.541000,4.671000,3.671000,2.953000,2.276000,1.502000,0.915700,0.541400,0.444400,0.389600,54.350000,51.990000,44.710000,36.770000,27.320000,17.720000,10.370000,5.929000,4.621000,3.903000,1
0.655600,7.416000,214.692800,0.836000,1.185000,1.408000,1.418000,1.413000,1.385000,1.348000,1.261000,1.229000,1.195000,5.741000,4.751000,3.941000,3.141000,2.223000,1.345000,0.649500,0.195600,0.081070,0.147300,38.400000,45.030000,44.390000,35.640000,25.140000,14.910000,7.004000,1.974000,0.796800,1.408000,0
0.677800,8.074000,161.324000,0.972000,1.208000,1.289000,1.295000,1.284000,1.292000,1.238000,1.187000,1.169000,1.156000,5.077000,4.019000,3.076000,2.170000,1.379000,0.741900,0.267600,0.115400,0.126500,0.222000,39.480000,38.820000,31.720000,22.480000,14.170000,7.670000,2.651000,1.096000,1.184000,2.053000,0
0.700000,7.733000,131.450000,0.713300,0.978300,1.148000,1.181000,1.159000,1.142000,1.094000,1.059000,1.061000,1.030000,5.099000,4.152000,3.092000,2.184000,1.388000,0.619500,0.089120,0.034540,0.052600,0.089880,29.100000,32.500000,28.410000,20.640000,12.880000,5.660000,0.780200,0.292800,0.446600,0.740400,0
0.500000,6.744000,688.450000,1.510000,2.124000,2.160000,1.954000,2.134000,1.932000,1.870000,1.864000,1.728000,1.564000,8.102000,6.788000,5.855000,5.029000,4.555000,3.966000,3.283000,2.877000,2.553000,2.317000,97.890000,115.400000,101.200000,78.620000,77.780000,61.280000,49.120000,42.890000,35.290000,28.980000,3
0.522200,7.341000,588.160000,1.845000,2.076000,1.905000,1.857000,1.925000,1.906000,1.858000,1.708000,1.635000,1.662000,7.173000,5.888000,5.009000,4.560000,4.017000,3.303000,2.858000,2.484000,2.049000,1.875000,105.900000,97.800000,76.330000,67.760000,61.860000,50.350000,42.490000,33.930000,26.810000,24.930000,3
0.544400,7.042000,535.690000,1.417000,1.828000,1.833000,1.825000,1.952000,1.885000,1.812000,1.695000,1.596000,1.517000,7.350000,6.070000,5.173000,4.453000,4.064000,3.195000,2.602000,2.199000,1.894000,1.598000,83.290000,88.760000,75.850000,65.030000,63.460000,48.190000,37.720000,29.810000,24.190000,19.390000,3
0.566700,6.721000,490.460000,0.968800,1.676000,1.821000,1.902000,1.958000,1.808000,1.831000,1.824000,1.689000,1.684000,7.193000,6.229000,5.203000,4.473000,3.877000,3.124000,2.495000,1.860000,1.563000,1.232000,55.750000,83.520000,75.820000,68.050000,60.730000,45.190000,36.550000,27.140000,21.110000,16.600000,3
0.588900,7.427000,396.560000,1.341000,1.664000,1.653000,1.899000,1.775000,1.662000,1.582000,1.585000,1.511000,1.449000,6.435000,5.307000,4.591000,3.714000,3.051000,2.307000,1.706000,1.367000,1.140000,1.125000,69.010000,70.650000,60.710000,56.410000,43.320000,30.690000,21.600000,17.340000,13.790000,13.040000,2
0.611100,6.960000,367.240000,0.952600,1.439000,1.549000,1.680000,1.749000,1.664000,1.594000,1.602000,1.546000,1.444000,6.832000,5.573000,4.678000,3.903000,3.252000,2.470000,1.797000,1.294000,0.981900,0.912900,52.070000,64.170000,57.970000,52.440000,45.510000,32.890000,22.920000,16.580000,12.140000,10.550000,2
0.633300,7.807000,265.270000,1.196000,1.405000,1.610000,1.684000,1.666000,1.562000,1.475000,1.412000,1.352000,1.302000,5.496000,4.417000,3.795000,2.864000,2.302000,1.500000,0.921500,0.604400,0.450700,0.343500,52.570000,49.640000,48.880000,38.590000,30.690000,18.750000,10.870000,6.828000,4.874000,3.578000,1
0.655600,7.497000,225.712400,0.911300,1.237000,1.385000,1.516000,1.492000,1.560000,1.525000,1.415000,1.388000,1.342000,5.793000,4.570000,3.768000,2.978000,2.168000,1.536000,0.773700,0.313400,0.139600,0.074920,42.230000,45.230000,41.760000,36.120000,25.870000,19.160000,9.440000,3.548000,1.550000,0.804400,1
0.677800,8.201000,163.566300,1.028000,1.217000,1.352000,1.438000,1.422000,1.388000,1.319000,1.299000,1.264000,1.256000,4.948000,3.746000,3.000000,2.300000,1.312000,0.680900,0.190600,0.091520,0.116700,0.089070,40.680000,36.460000,32.450000,26.460000,14.920000,7.558000,2.012000,0.951000,1.180000,0.895300,0
0.700000,8.101000,126.729400,0.842700,1.056000,1.184000,1.219000,1.252000,1.217000,1.185000,1.155000,1.123000,1.106000,4.795000,3.936000,2.891000,1.901000,0.949900,0.280700,0.056690,0.071310,0.103200,0.100300,32.330000,33.240000,27.370000,18.530000,9.515000,2.733000,0.537600,0.658800,0.927600,0.887400,0
0.500000,6.515000,700.370000,1.274000,2.024000,2.225000,2.076000,2.096000,1.953000,1.902000,1.750000,1.704000,1.611000,8.567000,7.217000,5.879000,5.251000,4.606000,4.081000,3.467000,2.999000,2.738000,2.417000,87.320000,116.900000,104.700000,87.240000,77.240000,63.770000,52.760000,41.980000,37.320000,31.140000,3
0.522200,7.096000,617.400000,1.664000,2.239000,1.972000,2.084000,2.092000,1.931000,1.891000,1.813000,1.688000,1.568000,7.401000,6.273000,5.284000,4.652000,4.002000,3.456000,2.762000,2.425000,2.027000,1.666000,98.540000,112.300000,83.370000,77.560000,66.990000,53.400000,41.780000,35.180000,27.380000,20.900000,3
0.544400,6.658000,573.060000,1.093000,2.065000,1.928000,1.986000,2.020000,1.876000,1.885000,1.757000,1.640000,1.579000,7.699000,6.538000,5.413000,4.818000,4.089000,3.416000,2.951000,2.288000,1.876000,1.508000,67.300000,108.000000,83.500000,76.560000,66.100000,51.280000,44.500000,32.150000,24.620000,19.050000,3
0.566700,7.460000,483.350000,1.640000,1.951000,1.805000,1.956000,1.934000,1.827000,1.736000,1.698000,1.588000,1.494000,6.630000,5.628000,4.668000,4.080000,3.270000,2.666000,2.126000,1.758000,1.500000,1.278000,86.980000,87.860000,67.400000,63.840000,50.580000,38.960000,29.520000,23.880000,19.050000,15.280000,3
0.588900,7.100000,431.460000,1.207000,1.774000,1.752000,1.890000,1.892000,1.747000,1.792000,1.710000,1.674000,1.631000,6.836000,5.759000,4.512000,3.986000,3.217000,2.359000,1.810000,1.549000,1.269000,1.107000,66.010000,81.730000,63.250000,60.250000,48.670000,32.970000,25.950000,21.190000,16.990000,14.450000,2
0.611100,7.729000,335.881000,1.438000,1.609000,1.619000,1.727000,1.748000,1.702000,1.555000,1.560000,1.484000,1.458000,6.025000,4.674000,4.147000,3.373000,2.541000,1.841000,1.260000,0.947700,0.807500,0.719700,69.320000,60.150000,53.720000,46.600000,35.530000,25.070000,15.680000,11.830000,9.589000,8.392000,2
0.633300,7.284000,295.804000,1.028000,1.402000,1.599000,1.681000,1.582000,1.560000,1.579000,1.506000,1.458000,1.414000,6.339000,4.951000,4.154000,3.368000,2.350000,1.731000,1.305000,0.816700,0.597400,0.449900,52.140000,55.540000,53.130000,45.290000,29.730000,21.600000,16.480000,9.838000,6.968000,5.088000,1
0.655600,8.013000,225.418000,1.230000,1.448000,1.551000,1.572000,1.618000,1.578000,1.491000,1.370000,1.286000,1.292000,5.393000,4.139000,3.237000,2.484000,1.659000,1.129000,0.648900,0.419600,0.289600,0.184400,53.090000,47.950000,40.160000,31.250000,21.480000,14.260000,7.742000,4.600000,2.979000,1.907000,1
0.677800,8.063000,176.258000,1.030000,1.334000,1.471000,1.471000,1.428000,1.395000,1.379000,1.335000,1.331000,1.300000,5.118000,4.017000,3.176000,2.288000,1.387000,0.539300,0.086600,0.069070,0.150800,0.168400,42.180000,42.860000,37.370000,26.930000,15.850000,6.018000,0.955400,0.737600,1.605000,1.752000,0
0.700000,8.120000,138.395100,0.874400,1.181000,1.290000,1.359000,1.358000,1.275000,1.237000,1.206000,1.212000,1.193000,4.957000,3.879000,2.873000,1.853000,1.052000,0.310600,0.075040,0.068010,0.057150,0.076810,34.680000,36.650000,29.640000,20.140000,11.430000,3.169000,0.742600,0.656100,0.554300,0.733100,0
0.500000,6.834000,716.710000,1.470000,2.395000,2.138000,2.134000,2.048000,2.042000,2.005000,1.977000,1.820000,1.763000,7.843000,6.852000,5.956000,5.128000,4.472000,3.729000,3.159000,2.952000,2.665000,2.369000,92.210000,131.300000,101.900000,87.560000,73.270000,60.910000,50.670000,46.680000,38.810000,33.400000,3
0.522200,6.434000,666.080000,1.050000,2.101000,2.101000,2.139000,2.153000,2.013000,1.950000,1.954000,1.739000,1.677000,8.118000,7.008000,5.948000,5.234000,4.550000,3.697000,3.293000,2.779000,2.246000,1.982000,68.170000,117.800000,99.970000,89.580000,78.360000,59.560000,51.360000,43.440000,31.250000,26.590000,3
0.544400,7.110000,573.600000,1.503000,1.985000,1.880000,2.045000,2.051000,1.967000,1.855000,1.807000,1.743000,1.669000,7.253000,6.070000,5.414000,4.643000,3.819000,3.144000,2.701000,2.248000,1.890000,1.611000,87.220000,96.390000,81.450000,75.970000,62.670000,49.460000,40.080000,32.490000,26.360000,21.510000,3
0.566700,6.733000,520.310000,1.047000,1.880000,1.897000,1.974000,1.949000,1.924000,1.843000,1.750000,1.631000,1.536000,7.442000,6.250000,5.236000,4.520000,3.907000,3.225000,2.459000,2.039000,1.627000,1.348000,62.310000,94.010000,79.450000,71.380000,60.920000,49.650000,36.250000,28.550000,21.230000,16.560000,3
0.588900,7.280000,442.260000,1.375000,1.871000,1.826000,1.884000,1.893000,1.706000,1.690000,1.665000,1.559000,1.589000,6.685000,5.471000,4.647000,3.963000,3.179000,2.384000,1.843000,1.591000,1.436000,1.141000,73.520000,81.910000,67.870000,59.720000,48.150000,32.540000,24.920000,21.200000,17.920000,14.510000,2
0.611100,7.788000,352.074000,1.487000,1.767000,1.723000,1.775000,1.750000,1.690000,1.675000,1.568000,1.433000,1.336000,5.929000,5.037000,4.041000,3.332000,2.618000,1.888000,1.388000,0.962900,0.691300,0.610100,70.550000,71.200000,55.700000,47.320000,36.650000,25.530000,18.600000,12.080000,7.924000,6.520000,2
0.633300,7.475000,316.780000,1.142000,1.593000,1.732000,1.778000,1.694000,1.661000,1.653000,1.574000,1.496000,1.452000,6.102000,5.038000,4.161000,3.271000,2.387000,1.645000,1.226000,0.864800,0.576300,0.381800,55.750000,64.190000,57.640000,46.530000,32.360000,21.870000,16.220000,10.890000,6.896000,4.434000,2
0.655600,7.193000,263.258000,0.882900,1.233000,1.493000,1.665000,1.782000,1.711000,1.625000,1.558000,1.485000,1.398000,6.097000,5.062000,4.123000,3.342000,2.265000,1.485000,0.904900,0.430300,0.263800,0.325500,43.070000,49.930000,49.230000,44.510000,32.290000,20.330000,11.760000,5.363000,3.134000,3.641000,1
0.677800,8.115000,184.051000,1.081000,1.277000,1.612000,1.597000,1.562000,1.429000,1.409000,1.325000,1.322000,1.313000,5.050000,3.968000,3.205000,2.257000,1.251000,0.559600,0.264300,0.181800,0.155100,0.104500,43.670000,40.540000,41.340000,28.820000,15.640000,6.398000,2.979000,1.926000,1.640000,1.098000,0
0.700000,7.640000,155.326700,0.809100,1.071000,1.277000,1.340000,1.398000,1.353000,1.336000,1.308000,1.289000,1.293000,5.307000,4.328000,3.323000,2.368000,1.448000,0.532700,0.082550,0.051290,0.064190,0.053050,34.350000,37.080000,33.930000,25.380000,16.190000,5.767000,0.882600,0.536700,0.661800,0.548600,0
0.500000,6.609000,757.490000,1.406000,2.242000,2.372000,2.189000,2.217000,2.176000,2.015000,2.099000,1.833000,1.698000,8.451000,7.183000,6.030000,5.293000,4.624000,3.978000,3.374000,3.041000,2.633000,2.295000,95.080000,128.800000,114.400000,92.700000,82.020000,69.260000,54.400000,51.060000,38.600000,31.170000,3
0.522200,7.012000,674.700000,1.668000,2.298000,2.136000,2.160000,2.234000,2.136000,2.067000,1.962000,1.849000,1.729000,7.700000,6.484000,5.456000,4.757000,3.993000,3.366000,2.930000,2.485000,2.212000,2.034000,102.800000,119.200000,93.260000,82.210000,71.370000,57.540000,48.460000,39.010000,32.720000,28.130000,3
0.544400,6.648000,617.570000,1.199000,2.087000,2.110000,1.987000,2.088000,2.016000,1.974000,2.014000,1.934000,1.796000,7.910000,6.627000,5.455000,4.873000,4.092000,3.513000,2.767000,2.435000,1.974000,1.601000,75.860000,110.700000,92.080000,77.450000,68.350000,56.660000,43.700000,39.230000,30.540000,23.000000,3
0.566700,7.266000,515.370000,1.548000,2.025000,1.876000,1.912000,1.956000,1.967000,1.911000,1.924000,1.752000,1.762000,7.182000,5.928000,4.716000,4.196000,3.343000,2.837000,2.242000,1.762000,1.413000,1.224000,88.960000,96.050000,70.770000,64.180000,52.310000,44.640000,34.280000,27.120000,19.810000,17.250000,3
0.588900,6.872000,461.360000,1.070000,1.850000,1.842000,1.825000,2.013000,1.948000,1.814000,1.707000,1.688000,1.580000,7.250000,6.058000,4.962000,4.186000,3.420000,2.707000,2.047000,1.561000,1.203000,0.859800,62.090000,89.650000,73.120000,61.100000,55.080000,42.190000,29.690000,21.320000,16.250000,10.870000,3
0.611100,7.492000,370.354000,1.418000,1.601000,1.745000,1.811000,1.744000,1.712000,1.645000,1.598000,1.533000,1.599000,6.327000,5.211000,4.370000,3.615000,2.619000,1.930000,1.475000,1.183000,0.973000,0.704100,71.760000,66.760000,61.010000,52.370000,36.550000,26.440000,19.410000,15.120000,11.930000,9.004000,2
0.633300,7.143000,322.748000,0.954900,1.448000,1.606000,1.714000,1.774000,1.726000,1.707000,1.602000,1.549000,1.470000,6.404000,5.542000,4.466000,3.525000,2.696000,1.840000,1.369000,0.931400,0.480600,0.312200,48.920000,64.180000,57.380000,48.330000,38.260000,25.410000,18.700000,11.940000,5.957000,3.671000,1
0.655600,7.699000,253.424000,1.113000,1.494000,1.581000,1.664000,1.741000,1.606000,1.540000,1.487000,1.452000,1.380000,5.828000,4.702000,3.731000,2.865000,2.014000,1.233000,0.674400,0.275100,0.151700,0.250800,51.910000,56.190000,47.190000,38.130000,28.050000,15.840000,8.310000,3.274000,1.762000,2.768000,1
0.677800,8.175000,189.534900,1.158000,1.425000,1.458000,1.523000,1.454000,1.429000,1.365000,1.289000,1.268000,1.243000,5.193000,4.033000,3.226000,2.321000,1.340000,0.653900,0.266400,0.162800,0.091470,0.097180,48.100000,45.980000,37.620000,28.290000,15.590000,7.473000,2.909000,1.679000,0.927600,0.966300,0
0.700000,8.019000,147.337600,0.859200,1.265000,1.394000,1.354000,1.280000,1.304000,1.253000,1.219000,1.215000,1.191000,4.938000,4.125000,2.993000,1.991000,1.076000,0.288400,0.061570,0.075700,0.054770,0.082970,33.940000,41.730000,33.390000,21.570000,11.020000,3.009000,0.617000,0.738400,0.532400,0.790800,0
0.500000,6.439000,781.810000,1.197000,2.161000,2.447000,2.285000,2.288000,2.282000,2.140000,1.870000,1.821000,1.784000,8.512000,7.482000,6.209000,5.463000,4.929000,4.169000,3.651000,3.068000,2.712000,2.471000,81.500000,129.400000,121.600000,99.850000,90.210000,76.090000,62.490000,45.910000,39.500000,35.260000,3
0.522200,7.084000,673.970000,1.803000,2.390000,2.150000,2.185000,2.075000,1.997000,1.942000,1.955000,1.825000,1.720000,7.615000,6.437000,5.345000,4.678000,4.143000,3.504000,2.939000,2.515000,2.164000,1.886000,109.900000,123.100000,91.950000,81.750000,68.770000,55.970000,45.660000,39.330000,31.590000,25.950000,3
0.544400,6.647000,636.810000,1.180000,2.113000,2.198000,2.040000,2.106000,2.005000,1.937000,1.931000,1.861000,1.873000,8.053000,6.985000,5.522000,4.818000,4.229000,3.560000,2.999000,2.395000,1.957000,1.739000,76.040000,118.000000,97.100000,78.640000,71.270000,57.110000,46.460000,37.000000,29.130000,26.060000,3
0.566700,7.361000,517.820000,1.580000,2.111000,1.987000,2.097000,1.985000,1.884000,1.847000,1.841000,1.715000,1.641000,6.842000,5.829000,4.776000,4.159000,3.435000,2.720000,2.175000,1.717000,1.350000,1.196000,86.480000,98.450000,75.910000,69.770000,54.550000,41.000000,32.140000,25.290000,18.520000,15.710000,0
0.588900,7.270000,449.230000,1.328000,1.826000,1.931000,1.893000,1.846000,1.771000,1.731000,1.706000,1.584000,1.577000,6.609000,5.666000,4.868000,4.043000,3.264000,2.451000,1.912000,1.553000,1.233000,1.077000,70.210000,82.770000,75.210000,61.220000,48.220000,34.720000,26.480000,21.190000,15.620000,13.590000,2
0.611100,6.882000,408.700000,0.972600,1.532000,1.824000,1.869000,1.919000,1.775000,1.724000,1.690000,1.694000,1.549000,6.995000,5.949000,4.754000,3.920000,3.365000,2.525000,1.805000,1.242000,1.032000,0.824600,54.430000,72.920000,69.360000,58.600000,51.650000,35.860000,24.890000,16.790000,13.980000,10.220000,0
0.633300,6.965000,336.266000,0.860400,1.375000,1.568000,1.892000,1.834000,1.842000,1.695000,1.677000,1.563000,1.505000,6.585000,5.609000,4.370000,3.858000,2.922000,2.149000,1.381000,0.784100,0.548300,0.446800,45.320000,61.690000,54.820000,58.390000,42.880000,31.670000,18.740000,10.520000,6.856000,5.380000,2
0.655600,7.705000,259.365000,1.180000,1.437000,1.696000,1.750000,1.717000,1.629000,1.522000,1.462000,1.437000,1.343000,5.730000,4.768000,3.863000,2.840000,2.025000,1.231000,0.592700,0.296900,0.144400,0.192100,54.110000,54.810000,52.410000,39.750000,27.820000,16.050000,7.219000,3.472000,1.660000,2.064000,1
0.677800,8.164000,197.271000,1.132000,1.397000,1.564000,1.538000,1.547000,1.455000,1.420000,1.339000,1.323000,1.338000,5.125000,3.978000,3.277000,2.278000,1.525000,0.801800,0.374200,0.176100,0.120700,0.168900,46.400000,44.440000,40.990000,28.030000,18.860000,9.330000,4.250000,1.886000,1.278000,1.807000,0
0.700000,8.095000,164.597000,1.014000,1.211000,1.328000,1.481000,1.509000,1.513000,1.379000,1.337000,1.371000,1.339000,5.053000,3.966000,2.935000,2.002000,1.181000,0.631400,0.358700,0.200300,0.091400,0.118800,40.990000,38.410000,31.190000,23.730000,14.260000,7.641000,3.957000,2.143000,1.003000,1.273000,0
0.500000,6.651000,527.440000,1.098000,1.633000,1.692000,1.590000,1.595000,1.521000,1.495000,1.465000,1.358000,1.295000,7.818000,6.601000,5.583000,4.957000,4.355000,3.826000,3.455000,3.015000,2.711000,2.475000,68.700000,86.240000,75.550000,63.060000,55.580000,46.550000,41.320000,35.350000,29.450000,25.640000,3
0.522200,7.346000,449.700000,1.427000,1.593000,1.546000,1.549000,1.544000,1.516000,1.429000,1.392000,1.325000,1.334000,6.802000,5.678000,5.008000,4.357000,3.714000,3.176000,2.783000,2.370000,2.025000,1.842000,77.660000,72.350000,61.930000,54.000000,45.890000,38.530000,31.810000,26.400000,21.470000,19.660000,2
0.544400,6.997000,412.820000,1.119000,1.478000,1.446000,1.503000,1.525000,1.432000,1.426000,1.361000,1.301000,1.256000,7.086000,5.884000,4.986000,4.398000,3.663000,3.089000,2.642000,2.195000,1.832000,1.596000,63.450000,69.590000,57.670000,52.890000,44.680000,35.400000,30.140000,23.900000,19.070000,16.030000,2
0.566700,7.689000,329.740000,1.294000,1.364000,1.416000,1.434000,1.391000,1.376000,1.413000,1.315000,1.335000,1.243000,6.027000,4.967000,4.314000,3.660000,2.985000,2.437000,1.896000,1.516000,1.249000,1.159000,62.400000,54.200000,48.880000,41.970000,33.220000,26.830000,21.430000,15.950000,13.340000,11.520000,2
0.588900,7.453000,293.848000,1.092000,1.286000,1.344000,1.375000,1.354000,1.353000,1.319000,1.271000,1.261000,1.179000,6.274000,5.042000,4.238000,3.516000,2.849000,2.183000,1.654000,1.313000,0.984000,0.816600,54.830000,51.850000,45.560000,38.680000,30.870000,23.620000,17.450000,13.360000,9.925000,7.703000,1
0.611100,7.194000,253.071000,0.814000,1.143000,1.280000,1.317000,1.302000,1.276000,1.229000,1.205000,1.140000,1.105000,6.331000,5.150000,4.330000,3.507000,2.775000,2.011000,1.412000,0.949200,0.667500,0.558900,41.230000,47.100000,44.320000,36.940000,28.900000,20.520000,13.880000,9.154000,6.087000,4.940000,1
0.633300,8.082000,186.348000,0.982900,1.186000,1.265000,1.269000,1.213000,1.217000,1.174000,1.138000,1.047000,1.010000,5.276000,4.197000,3.462000,2.580000,1.889000,1.210000,0.686100,0.346900,0.220600,0.275800,41.490000,39.830000,35.040000,26.190000,18.340000,11.780000,6.445000,3.157000,1.848000,2.228000,0
0.655600,7.904000,152.756200,0.809700,1.012000,1.108000,1.193000,1.133000,1.137000,1.087000,0.995900,0.950900,0.909500,5.233000,4.113000,3.372000,2.517000,1.689000,1.044000,0.405500,0.116000,0.135300,0.184700,33.890000,33.300000,29.900000,24.030000,15.320000,9.492000,3.527000,0.924200,1.029000,1.344000,0
0.677800,7.618000,129.494800,0.630500,0.845500,1.003000,1.059000,1.057000,1.039000,1.021000,0.976000,0.949300,0.923600,5.225000,4.295000,3.382000,2.607000,1.703000,0.883400,0.204800,0.055800,0.067460,0.069120,26.350000,29.050000,27.150000,22.070000,14.400000,7.342000,1.674000,0.435700,0.512300,0.510800,0
0.700000,8.750000,78.619600,0.729200,0.889000,0.914400,0.916500,0.907600,0.865600,0.864400,0.847600,0.833600,0.819200,4.091000,3.088000,2.302000,1.424000,0.588600,0.029250,0.028540,0.038040,0.042880,0.044720,23.870000,21.960000,16.840000,10.440000,4.273000,0.202500,0.197300,0.257900,0.285900,0.293000,0
0.500000,6.602000,557.810000,1.155000,1.712000,1.801000,1.678000,1.686000,1.637000,1.534000,1.438000,1.434000,1.327000,7.980000,6.715000,5.654000,5.036000,4.447000,3.810000,3.424000,3.057000,2.701000,2.355000,73.720000,91.940000,81.480000,67.620000,59.990000,49.900000,42.030000,35.160000,30.980000,24.990000,3
0.522200,7.315000,478.160000,1.439000,1.742000,1.579000,1.654000,1.637000,1.549000,1.450000,1.430000,1.406000,1.341000,6.992000,5.762000,4.992000,4.454000,3.761000,3.313000,2.816000,2.447000,2.164000,1.872000,80.470000,80.310000,63.060000,58.940000,49.240000,41.050000,32.670000,28.000000,24.340000,20.080000,3
0.544400,6.881000,440.180000,1.098000,1.541000,1.585000,1.570000,1.623000,1.546000,1.489000,1.426000,1.340000,1.294000,7.234000,5.931000,5.082000,4.489000,3.819000,3.134000,2.683000,2.250000,1.868000,1.614000,63.560000,73.090000,64.450000,56.380000,49.590000,38.750000,31.970000,25.660000,20.020000,16.710000,2
0.566700,7.429000,367.030000,1.267000,1.521000,1.475000,1.538000,1.522000,1.487000,1.424000,1.365000,1.353000,1.280000,6.481000,5.290000,4.454000,3.941000,3.231000,2.597000,2.044000,1.587000,1.268000,1.106000,65.680000,64.370000,52.570000,48.480000,39.340000,30.910000,23.290000,17.340000,13.720000,11.330000,2
0.588900,7.157000,324.635000,1.006000,1.331000,1.343000,1.462000,1.504000,1.480000,1.450000,1.412000,1.379000,1.318000,6.588000,5.338000,4.454000,3.739000,3.134000,2.472000,1.847000,1.361000,0.990300,0.807700,53.020000,56.820000,47.860000,43.720000,37.710000,29.270000,21.420000,15.380000,10.920000,8.515000,1
0.611100,7.847000,247.196000,1.096000,1.329000,1.317000,1.397000,1.377000,1.342000,1.302000,1.291000,1.199000,1.119000,5.649000,4.566000,3.797000,3.081000,2.340000,1.739000,1.171000,0.766700,0.579000,0.515400,49.530000,48.540000,40.000000,34.430000,25.760000,18.660000,12.190000,7.917000,5.554000,4.615000,1
0.633300,7.665000,211.661000,0.941700,1.159000,1.256000,1.322000,1.296000,1.271000,1.222000,1.214000,1.123000,1.087000,5.689000,4.549000,3.725000,2.946000,2.231000,1.559000,0.981300,0.508700,0.265300,0.246800,42.860000,42.170000,37.430000,31.150000,23.140000,15.850000,9.592000,4.940000,2.383000,2.146000,0
0.655600,7.544000,175.626000,0.768900,1.063000,1.171000,1.188000,1.202000,1.195000,1.150000,1.090000,1.062000,1.031000,5.620000,4.465000,3.671000,2.789000,1.975000,1.241000,0.657000,0.262600,0.168100,0.188400,34.570000,37.980000,34.400000,26.510000,18.990000,11.860000,6.045000,2.289000,1.428000,1.554000,0
0.677800,8.232000,122.056700,0.809900,1.024000,1.085000,1.080000,1.082000,1.059000,1.040000,0.996700,0.973700,0.948200,4.699000,3.795000,2.899000,2.042000,1.217000,0.513800,0.074380,0.080850,0.084550,0.118900,30.450000,31.100000,25.160000,17.640000,10.530000,4.352000,0.619100,0.644700,0.658700,0.902200,0
0.700000,8.013000,101.239900,0.644000,0.823100,0.974100,0.998800,0.999600,0.965500,0.908800,0.895500,0.878700,0.859900,4.763000,3.714000,2.909000,1.991000,1.191000,0.398200,0.023980,0.022750,0.040160,0.064270,24.540000,24.460000,22.670000,15.910000,9.522000,3.076000,0.174400,0.163000,0.282300,0.442200,0
0.500000,6.719000,588.250000,1.230000,1.788000,1.866000,1.738000,1.778000,1.661000,1.624000,1.568000,1.529000,1.482000,7.912000,6.739000,5.763000,5.006000,4.416000,3.954000,3.470000,3.012000,2.636000,2.355000,77.840000,96.380000,86.020000,69.620000,62.810000,52.540000,45.080000,37.790000,32.240000,27.930000,3
0.522200,7.400000,514.270000,1.578000,1.835000,1.739000,1.713000,1.736000,1.680000,1.646000,1.558000,1.433000,1.398000,6.864000,5.823000,5.068000,4.427000,3.837000,3.263000,2.856000,2.447000,2.103000,1.935000,86.640000,85.490000,70.510000,60.670000,53.280000,43.840000,37.600000,30.500000,24.100000,21.640000,3
0.544400,7.099000,464.510000,1.280000,1.687000,1.677000,1.671000,1.678000,1.634000,1.571000,1.539000,1.486000,1.420000,6.899000,5.822000,4.930000,4.306000,3.631000,3.119000,2.604000,2.277000,1.893000,1.655000,70.660000,78.580000,66.130000,57.570000,48.750000,40.760000,32.730000,28.020000,22.500000,18.810000,2
0.566700,6.713000,413.880000,0.936600,1.403000,1.576000,1.602000,1.672000,1.652000,1.581000,1.525000,1.516000,1.378000,7.187000,6.015000,5.087000,4.236000,3.708000,3.030000,2.367000,1.848000,1.528000,1.224000,53.850000,67.500000,64.120000,54.290000,49.580000,40.040000,29.920000,22.550000,18.530000,13.500000,2
0.588900,7.315000,342.338000,1.154000,1.475000,1.494000,1.572000,1.581000,1.551000,1.517000,1.416000,1.358000,1.300000,6.421000,5.190000,4.347000,3.607000,2.964000,2.314000,1.795000,1.411000,1.063000,0.865400,59.300000,61.240000,51.940000,45.350000,37.490000,28.710000,21.790000,15.980000,11.540000,8.998000,2
0.611100,7.160000,293.058000,0.940900,1.268000,1.433000,1.446000,1.492000,1.470000,1.406000,1.377000,1.328000,1.257000,6.338000,5.160000,4.353000,3.547000,2.881000,2.142000,1.518000,1.062000,0.718200,0.607200,47.710000,52.350000,49.890000,41.030000,34.390000,25.180000,17.080000,11.690000,7.631000,6.107000,1
0.633300,7.769000,222.840000,1.041000,1.267000,1.369000,1.373000,1.406000,1.408000,1.366000,1.235000,1.168000,1.099000,5.452000,4.399000,3.668000,2.929000,2.145000,1.502000,0.907900,0.498900,0.266200,0.239500,45.420000,44.580000,40.180000,32.170000,24.130000,16.920000,9.919000,4.927000,2.488000,2.106000,1
0.655600,7.438000,192.466000,0.798400,1.071000,1.266000,1.313000,1.303000,1.276000,1.246000,1.200000,1.143000,1.093000,5.627000,4.593000,3.727000,2.950000,2.220000,1.280000,0.597900,0.289700,0.195900,0.191000,35.940000,39.370000,37.750000,30.980000,23.150000,13.070000,5.962000,2.782000,1.792000,1.670000,0
0.677800,8.013000,137.428700,0.826300,1.071000,1.163000,1.216000,1.155000,1.133000,1.099000,1.078000,1.061000,1.030000,4.923000,3.943000,3.091000,2.212000,1.336000,0.591400,0.108500,0.063160,0.069490,0.127400,32.540000,33.780000,28.750000,21.520000,12.340000,5.360000,0.954000,0.544900,0.589800,1.050000,0
0.700000,8.038000,107.502500,0.734600,0.899600,1.059000,1.099000,1.060000,1.048000,1.021000,0.989300,0.960000,0.944100,4.676000,3.742000,2.802000,1.852000,1.025000,0.290900,0.044780,0.077220,0.076020,0.050550,27.480000,26.930000,23.740000,16.280000,8.691000,2.439000,0.365700,0.611200,0.583800,0.381800,0
0.500000,7.087000,623.740000,1.615000,2.101000,1.869000,1.931000,1.868000,1.787000,1.744000,1.645000,1.636000,1.510000,7.518000,6.286000,5.459000,4.896000,4.401000,3.653000,3.253000,2.901000,2.600000,2.331000,97.140000,105.600000,81.620000,75.630000,65.770000,52.230000,45.400000,38.170000,34.020000,28.160000,3
0.522200,6.754000,569.960000,1.264000,1.907000,1.802000,1.843000,1.728000,1.818000,1.785000,1.650000,1.608000,1.544000,7.831000,6.477000,5.419000,4.846000,4.139000,3.690000,3.085000,2.570000,2.217000,2.024000,79.200000,98.820000,78.120000,71.450000,57.210000,53.670000,44.040000,33.930000,28.510000,25.010000,3
0.544400,7.454000,485.040000,1.721000,1.791000,1.749000,1.839000,1.835000,1.706000,1.662000,1.542000,1.550000,1.507000,6.562000,5.419000,4.817000,4.273000,3.555000,2.916000,2.369000,1.865000,1.737000,1.551000,90.350000,77.660000,67.410000,62.880000,52.190000,39.800000,31.490000,23.010000,21.540000,18.710000,3
0.566700,7.231000,431.040000,1.375000,1.651000,1.628000,1.740000,1.740000,1.713000,1.677000,1.612000,1.575000,1.464000,6.728000,5.432000,4.621000,3.947000,3.404000,2.734000,2.151000,1.769000,1.466000,1.292000,74.000000,71.770000,60.200000,54.930000,47.380000,37.480000,28.870000,22.810000,18.470000,15.130000,2
0.588900,6.849000,388.270000,0.992600,1.531000,1.539000,1.639000,1.663000,1.601000,1.557000,1.521000,1.489000,1.378000,6.940000,5.780000,4.781000,4.080000,3.460000,2.723000,1.987000,1.580000,1.212000,0.966100,55.110000,70.820000,58.860000,53.500000,46.040000,34.880000,24.760000,19.220000,14.430000,10.650000,2
0.611100,7.579000,303.593000,1.246000,1.523000,1.477000,1.579000,1.532000,1.545000,1.507000,1.433000,1.382000,1.272000,5.889000,4.759000,4.033000,3.348000,2.720000,1.955000,1.339000,0.843100,0.663600,0.617700,58.680000,58.010000,47.670000,42.300000,33.340000,24.170000,16.140000,9.662000,7.337000,6.284000,2
0.633300,7.214000,265.138000,0.892400,1.310000,1.423000,1.508000,1.529000,1.537000,1.501000,1.387000,1.291000,1.220000,6.057000,4.944000,4.105000,3.396000,2.477000,1.787000,1.234000,0.686600,0.425900,0.333000,43.240000,51.810000,46.740000,40.980000,30.300000,21.980000,14.820000,7.616000,4.400000,3.252000,1
0.655600,7.666000,199.497000,0.935300,1.218000,1.351000,1.421000,1.365000,1.339000,1.274000,1.257000,1.177000,1.135000,5.471000,4.343000,3.544000,2.729000,1.888000,1.159000,0.554000,0.281000,0.291800,0.290500,40.940000,42.330000,38.310000,31.010000,20.630000,12.420000,5.647000,2.825000,2.748000,2.637000,0
0.677800,7.511000,167.733100,0.724500,1.085000,1.364000,1.310000,1.292000,1.239000,1.199000,1.125000,1.092000,1.067000,5.290000,4.404000,3.501000,2.569000,1.696000,0.983400,0.447400,0.121600,0.062400,0.061230,30.660000,38.210000,38.190000,26.930000,17.540000,9.749000,4.292000,1.094000,0.545200,0.522900,0
0.700000,8.203000,116.292000,0.793100,1.036000,1.149000,1.246000,1.221000,1.146000,1.085000,1.054000,1.036000,1.022000,4.477000,3.683000,2.738000,1.879000,1.008000,0.137600,0.079460,0.047030,0.062860,0.094030,28.410000,30.520000,25.160000,18.720000,9.844000,1.262000,0.689500,0.396700,0.521100,0.768700,0
0.500000,6.958000,662.120000,1.591000,2.262000,2.023000,2.026000,1.961000,1.897000,1.744000,1.627000,1.595000,1.522000,7.704000,6.584000,5.670000,4.925000,4.484000,3.886000,3.342000,2.936000,2.538000,2.190000,98.080000,119.200000,91.780000,79.820000,70.320000,58.990000,46.640000,38.220000,32.390000,26.680000,3
0.522200,6.613000,598.980000,1.196000,1.897000,2.124000,1.988000,1.996000,1.891000,1.781000,1.709000,1.663000,1.611000,8.026000,6.605000,5.479000,4.861000,4.127000,3.743000,3.150000,2.529000,2.021000,1.762000,76.780000,100.200000,93.090000,77.300000,65.890000,56.630000,44.890000,34.590000,26.890000,22.720000,3
0.544400,7.265000,528.360000,1.675000,1.836000,1.920000,1.860000,1.935000,1.737000,1.727000,1.664000,1.669000,1.613000,6.974000,5.776000,5.149000,4.471000,3.657000,3.084000,2.585000,2.061000,1.683000,1.500000,93.430000,84.830000,79.070000,66.540000,56.630000,42.860000,35.730000,27.440000,22.470000,19.360000,3
0.566700,6.835000,489.880000,1.109000,1.740000,1.802000,1.851000,1.821000,1.844000,1.725000,1.740000,1.641000,1.638000,7.439000,6.036000,5.178000,4.335000,3.568000,3.113000,2.451000,1.978000,1.678000,1.507000,66.020000,84.030000,74.640000,64.180000,51.990000,45.910000,33.810000,27.530000,22.020000,19.750000,2
0.588900,7.319000,400.620000,1.384000,1.725000,1.736000,1.743000,1.868000,1.728000,1.765000,1.699000,1.604000,1.477000,6.578000,5.195000,4.536000,3.629000,3.090000,2.222000,1.660000,1.297000,1.065000,0.921000,72.810000,71.690000,62.990000,50.600000,46.190000,30.720000,23.440000,17.620000,13.670000,10.890000,2
0.611100,7.055000,349.891000,0.994300,1.513000,1.650000,1.760000,1.635000,1.628000,1.587000,1.553000,1.489000,1.402000,6.707000,5.469000,4.546000,3.818000,2.928000,2.169000,1.546000,1.141000,0.809000,0.590800,53.350000,66.190000,59.990000,53.760000,38.310000,28.240000,19.620000,14.170000,9.635000,6.626000,2
0.633300,7.825000,265.164000,1.271000,1.426000,1.574000,1.631000,1.725000,1.600000,1.525000,1.440000,1.340000,1.310000,5.616000,4.494000,3.700000,2.852000,2.025000,1.392000,0.943200,0.628800,0.435600,0.357900,57.110000,51.270000,46.610000,37.220000,27.960000,17.820000,11.510000,7.243000,4.670000,3.751000,1
0.655600,7.474000,221.872000,0.913700,1.308000,1.410000,1.453000,1.505000,1.429000,1.318000,1.290000,1.242000,1.175000,5.709000,4.656000,3.857000,2.891000,2.098000,1.271000,0.675000,0.364000,0.200000,0.179300,41.730000,48.720000,43.500000,33.590000,25.260000,14.520000,7.120000,3.757000,1.988000,1.687000,1
0.677800,7.952000,171.077400,0.965500,1.233000,1.385000,1.401000,1.349000,1.338000,1.288000,1.233000,1.172000,1.146000,5.173000,4.160000,3.299000,2.463000,1.397000,0.528800,0.176200,0.172300,0.094090,0.086020,39.960000,41.040000,36.540000,27.610000,15.080000,5.660000,1.816000,1.700000,0.882500,0.788900,0
0.700000,7.905000,141.144700,0.780300,1.075000,1.253000,1.248000,1.282000,1.294000,1.215000,1.173000,1.173000,1.129000,5.090000,4.065000,3.009000,2.060000,1.308000,0.654900,0.140300,0.050810,0.074080,0.104100,31.780000,34.960000,30.180000,20.560000,13.410000,6.778000,1.364000,0.476900,0.695300,0.940500,0
0.500000,6.872000,698.840000,1.596000,2.400000,2.080000,2.119000,2.175000,2.064000,1.875000,1.715000,1.643000,1.548000,7.755000,6.687000,5.592000,5.152000,4.432000,3.818000,3.449000,2.899000,2.430000,2.212000,99.050000,128.400000,93.050000,87.350000,77.120000,63.040000,51.720000,39.790000,31.930000,27.390000,3
0.522200,7.423000,607.550000,1.988000,2.185000,1.965000,2.069000,2.010000,1.873000,1.794000,1.724000,1.650000,1.582000,7.073000,5.923000,5.088000,4.558000,3.989000,3.292000,2.826000,2.349000,2.046000,1.794000,112.500000,103.500000,79.990000,75.430000,64.150000,49.320000,40.560000,32.390000,27.010000,22.700000,3
0.544400,7.057000,546.650000,1.555000,2.028000,1.958000,1.863000,1.947000,1.894000,1.769000,1.657000,1.624000,1.563000,7.273000,5.982000,5.003000,4.392000,3.855000,3.156000,2.642000,2.074000,1.752000,1.585000,90.450000,97.070000,78.370000,65.450000,60.030000,47.830000,37.390000,27.480000,22.760000,19.820000,3
0.566700,6.705000,504.800000,1.073000,1.774000,1.937000,1.919000,1.906000,1.872000,1.848000,1.817000,1.682000,1.639000,7.550000,6.179000,5.401000,4.415000,3.713000,3.074000,2.332000,1.745000,1.505000,1.378000,64.790000,87.700000,83.720000,67.790000,56.620000,46.030000,34.470000,25.370000,20.250000,18.060000,3
0.588900,7.288000,421.690000,1.389000,1.681000,1.717000,1.906000,1.858000,1.707000,1.734000,1.669000,1.594000,1.585000,6.724000,5.626000,4.616000,3.758000,3.021000,2.373000,1.747000,1.444000,1.233000,1.104000,74.750000,75.670000,63.410000,57.320000,44.890000,32.410000,24.250000,19.270000,15.720000,14.000000,2
0.611100,7.141000,364.024000,1.115000,1.559000,1.625000,1.716000,1.804000,1.726000,1.656000,1.610000,1.549000,1.441000,6.771000,5.419000,4.448000,3.721000,2.901000,2.237000,1.668000,1.161000,0.835400,0.600700,60.410000,67.610000,57.820000,51.080000,41.880000,30.900000,22.100000,14.950000,10.350000,6.924000,2
0.633300,7.785000,277.104000,1.315000,1.470000,1.529000,1.617000,1.599000,1.598000,1.584000,1.482000,1.377000,1.369000,5.705000,4.663000,3.789000,2.915000,2.211000,1.640000,1.050000,0.608500,0.433000,0.336900,60.000000,54.840000,46.330000,37.710000,28.280000,20.960000,13.310000,7.214000,4.771000,3.689000,1
0.655600,7.379000,241.868000,0.899600,1.253000,1.430000,1.551000,1.646000,1.630000,1.536000,1.473000,1.375000,1.322000,5.796000,4.978000,4.043000,2.992000,2.174000,1.605000,0.873500,0.258000,0.108000,0.223100,41.710000,49.900000,46.260000,37.120000,28.630000,20.930000,10.730000,3.040000,1.188000,2.360000,1
0.677800,7.347000,198.007900,0.811200,1.114000,1.352000,1.470000,1.501000,1.444000,1.293000,1.215000,1.168000,1.158000,5.619000,4.770000,3.654000,2.895000,1.977000,1.253000,0.469900,0.159500,0.049530,0.034990,36.470000,42.530000,39.540000,34.040000,23.750000,14.480000,4.860000,1.551000,0.462800,0.324100,0
0.700000,8.097000,139.353400,0.895600,1.138000,1.257000,1.306000,1.325000,1.261000,1.188000,1.135000,1.141000,1.134000,4.753000,3.788000,2.818000,2.034000,1.261000,0.504500,0.097890,0.049050,0.058510,0.093980,34.060000,34.490000,28.340000,21.250000,13.360000,5.091000,0.930500,0.445500,0.534200,0.852200,0
0.500000,6.952000,708.110000,1.803000,2.359000,2.214000,2.174000,1.985000,2.063000,1.970000,1.885000,1.757000,1.593000,7.796000,6.484000,5.564000,5.214000,4.263000,3.789000,3.166000,2.836000,2.430000,2.112000,112.500000,122.400000,98.550000,90.680000,67.710000,62.540000,49.900000,42.760000,34.160000,26.910000,3
0.522200,6.730000,650.240000,1.400000,2.160000,2.005000,2.018000,1.985000,2.001000,1.923000,1.822000,1.696000,1.687000,7.952000,6.779000,5.733000,4.988000,4.297000,3.723000,3.072000,2.649000,2.231000,2.038000,89.090000,117.200000,91.940000,80.510000,68.250000,59.600000,47.270000,38.600000,30.270000,27.510000,3
0.544400,7.433000,548.910000,1.956000,2.136000,1.989000,1.972000,1.945000,1.915000,1.884000,1.755000,1.642000,1.561000,6.751000,5.598000,4.814000,4.156000,3.615000,2.925000,2.496000,1.974000,1.586000,1.457000,105.700000,95.640000,76.590000,65.560000,56.250000,44.820000,37.630000,27.700000,20.830000,18.190000,3
0.566700,7.022000,510.230000,1.371000,1.894000,1.979000,1.876000,1.900000,1.810000,1.749000,1.712000,1.707000,1.579000,7.127000,5.990000,5.077000,4.354000,3.566000,2.969000,2.390000,1.921000,1.646000,1.275000,78.180000,90.770000,80.400000,65.340000,54.210000,43.000000,33.440000,26.310000,22.480000,16.100000,3
0.588900,6.736000,455.280000,1.004000,1.756000,1.818000,1.814000,1.847000,1.855000,1.787000,1.732000,1.696000,1.616000,7.296000,5.993000,4.989000,4.261000,3.545000,2.844000,2.253000,1.546000,1.195000,1.059000,58.620000,84.200000,72.550000,61.830000,52.370000,42.200000,32.200000,21.410000,16.210000,13.690000,2
0.611100,7.334000,376.818000,1.268000,1.718000,1.672000,1.791000,1.777000,1.796000,1.741000,1.682000,1.623000,1.543000,6.396000,5.225000,4.381000,3.604000,2.742000,2.270000,1.696000,1.230000,0.872000,0.550100,64.900000,71.820000,58.580000,51.640000,38.980000,32.610000,23.630000,16.550000,11.320000,6.788000,2
0.633300,7.034000,330.234000,0.945300,1.482000,1.558000,1.687000,1.810000,1.848000,1.722000,1.700000,1.614000,1.537000,6.599000,5.462000,4.318000,3.443000,2.710000,2.028000,1.313000,0.947700,0.717200,0.472100,49.900000,64.760000,53.830000,46.480000,39.240000,29.980000,18.090000,12.890000,9.260000,5.804000,1
0.655600,7.530000,264.588000,1.103000,1.475000,1.601000,1.578000,1.561000,1.666000,1.574000,1.515000,1.458000,1.392000,5.818000,4.843000,3.671000,2.941000,2.141000,1.430000,0.890200,0.588700,0.410700,0.268700,51.360000,57.160000,47.020000,37.130000,26.730000,19.060000,11.210000,7.134000,4.790000,2.994000,1
0.677800,7.320000,220.072000,0.830900,1.163000,1.461000,1.590000,1.649000,1.604000,1.532000,1.502000,1.492000,1.466000,5.890000,4.629000,3.908000,2.910000,1.952000,1.212000,0.582800,0.235000,0.191000,0.136000,39.150000,43.080000,45.680000,37.010000,25.760000,15.550000,7.143000,2.824000,2.280000,1.595000,0
0.700000,7.988000,150.308200,0.923500,1.215000,1.391000,1.418000,1.373000,1.314000,1.256000,1.246000,1.231000,1.205000,4.922000,3.879000,3.010000,1.990000,1.165000,0.394600,0.094330,0.082680,0.048670,0.099560,36.360000,37.700000,33.510000,22.580000,12.800000,4.147000,0.947900,0.823900,0.479300,0.960100,0
0.500000,6.281000,752.740000,1.123000,2.099000,2.370000,2.176000,2.155000,2.164000,1.984000,2.007000,1.854000,1.857000,8.360000,7.518000,6.294000,5.571000,4.799000,4.131000,3.525000,3.137000,2.664000,2.364000,75.080000,126.200000,119.300000,96.960000,82.740000,71.510000,55.950000,50.360000,39.520000,35.120000,3
0.522200,6.891000,652.320000,1.554000,2.222000,2.049000,2.005000,2.162000,1.983000,1.881000,1.906000,1.828000,1.733000,7.556000,6.688000,5.612000,4.656000,4.323000,3.487000,2.993000,2.643000,2.179000,1.838000,93.960000,118.900000,92.000000,74.700000,74.770000,55.320000,45.040000,40.290000,31.870000,25.470000,3
0.544400,6.506000,613.390000,1.022000,1.983000,2.230000,2.082000,2.040000,2.043000,1.919000,2.017000,1.895000,1.774000,7.560000,7.060000,5.514000,4.791000,4.122000,3.461000,2.824000,2.370000,2.061000,1.748000,61.810000,112.000000,98.360000,79.780000,67.260000,56.560000,43.350000,38.240000,31.230000,24.800000,3
0.566700,7.114000,526.380000,1.429000,2.163000,1.881000,1.928000,2.017000,1.972000,1.829000,1.780000,1.712000,1.653000,7.147000,6.101000,4.938000,4.385000,3.574000,2.899000,2.221000,1.684000,1.476000,1.288000,81.720000,105.600000,74.290000,67.650000,57.660000,45.740000,32.490000,23.980000,20.220000,17.030000,3
0.588900,6.738000,467.060000,0.985700,1.720000,1.995000,1.821000,1.892000,1.879000,1.813000,1.753000,1.636000,1.529000,7.316000,6.184000,5.143000,4.214000,3.529000,2.772000,2.292000,1.737000,1.243000,0.968400,57.690000,85.100000,82.080000,61.380000,53.410000,41.670000,33.250000,24.360000,16.270000,11.850000,2
0.611100,7.227000,393.032000,1.254000,1.810000,1.718000,1.803000,1.816000,1.770000,1.701000,1.660000,1.563000,1.456000,6.620000,5.377000,4.359000,3.723000,2.967000,2.076000,1.595000,1.305000,1.098000,0.849300,66.420000,77.840000,59.920000,53.690000,43.110000,29.400000,21.700000,17.330000,13.730000,9.892000,2
0.633300,7.773000,309.604000,1.439000,1.795000,1.745000,1.768000,1.679000,1.616000,1.572000,1.497000,1.417000,1.379000,5.936000,4.750000,3.711000,2.928000,2.182000,1.452000,1.072000,0.685400,0.477000,0.419800,68.320000,68.230000,51.820000,41.430000,29.310000,18.770000,13.480000,8.207000,5.406000,4.631000,2
0.655600,7.349000,277.181000,1.004000,1.473000,1.617000,1.710000,1.617000,1.682000,1.582000,1.474000,1.436000,1.356000,6.044000,4.887000,3.974000,3.016000,2.184000,1.503000,0.954400,0.662600,0.533500,0.356500,48.540000,57.600000,51.410000,41.260000,28.260000,20.220000,12.080000,7.811000,6.131000,3.869000,1
0.677800,8.035000,201.105000,1.134000,1.410000,1.581000,1.741000,1.670000,1.593000,1.502000,1.391000,1.374000,1.361000,5.132000,4.042000,3.260000,2.397000,1.456000,0.630300,0.144500,0.129800,0.174800,0.159800,46.550000,45.590000,41.240000,33.400000,19.450000,8.031000,1.737000,1.445000,1.921000,1.741000,0
0.700000,7.446000,178.155500,0.779700,1.099000,1.355000,1.555000,1.582000,1.472000,1.452000,1.392000,1.386000,1.383000,5.392000,4.709000,3.541000,2.643000,1.502000,0.641300,0.219500,0.092140,0.078180,0.076850,33.640000,41.400000,38.380000,32.880000,19.010000,7.552000,2.550000,1.026000,0.867100,0.850400,0
0.500000,6.901000,770.300000,1.775000,2.389000,2.256000,2.166000,2.560000,2.233000,2.069000,2.041000,1.965000,1.745000,8.149000,6.913000,5.661000,5.182000,4.431000,3.758000,3.215000,2.945000,2.509000,2.279000,115.700000,132.100000,102.200000,89.810000,90.750000,67.140000,53.230000,48.090000,39.450000,31.830000,3
0.522200,6.560000,714.110000,1.330000,2.301000,2.423000,2.140000,2.158000,2.156000,2.150000,2.062000,1.833000,1.771000,8.291000,7.117000,5.837000,4.940000,4.298000,3.649000,3.179000,2.608000,2.288000,2.035000,88.200000,131.000000,113.100000,84.580000,74.190000,62.950000,54.680000,43.030000,33.550000,28.830000,3
0.544400,7.140000,614.800000,1.707000,2.272000,2.119000,2.149000,2.133000,2.058000,1.989000,1.857000,1.784000,1.665000,7.474000,6.196000,5.030000,4.381000,3.915000,3.178000,2.672000,2.145000,1.709000,1.624000,102.100000,112.600000,85.260000,75.320000,66.790000,52.320000,42.520000,31.870000,24.390000,21.630000,3
0.566700,6.682000,554.630000,1.132000,2.053000,2.046000,1.834000,1.952000,1.930000,1.942000,1.880000,1.748000,1.597000,7.736000,6.556000,5.355000,4.674000,3.991000,3.209000,2.629000,2.050000,1.524000,1.234000,70.080000,107.700000,87.650000,68.590000,62.320000,49.540000,40.840000,30.820000,21.320000,15.770000,3
0.588900,7.325000,462.820000,1.543000,1.970000,1.968000,1.892000,1.964000,1.834000,1.840000,1.713000,1.621000,1.546000,6.606000,5.588000,4.634000,3.920000,3.085000,2.399000,1.911000,1.509000,1.219000,1.021000,81.560000,88.070000,72.950000,59.330000,48.470000,35.200000,28.130000,20.670000,15.810000,12.630000,3
0.611100,7.796000,380.135000,1.710000,1.861000,1.838000,1.893000,1.865000,1.971000,1.993000,1.909000,1.738000,1.651000,5.954000,4.977000,4.047000,3.246000,2.427000,1.769000,1.343000,0.892200,0.655800,0.578900,81.440000,74.110000,59.520000,49.150000,36.220000,27.900000,21.400000,13.630000,9.119000,7.646000,2
0.633300,7.420000,341.693000,1.271000,1.649000,1.828000,1.946000,1.790000,1.788000,1.801000,1.687000,1.605000,1.604000,6.424000,5.051000,4.239000,3.252000,2.342000,1.734000,1.166000,0.660100,0.463600,0.553400,65.300000,66.650000,62.000000,50.640000,33.540000,24.800000,16.800000,8.909000,5.952000,7.102000,2
0.655600,8.026000,251.506000,1.364000,1.572000,1.675000,1.698000,1.671000,1.591000,1.626000,1.584000,1.496000,1.436000,5.357000,4.465000,3.499000,2.712000,1.725000,0.949300,0.585500,0.392200,0.210100,0.252100,58.460000,56.170000,46.880000,36.840000,23.070000,12.090000,7.615000,4.970000,2.514000,2.897000,1
0.677800,7.838000,205.100000,1.105000,1.348000,1.466000,1.549000,1.502000,1.504000,1.434000,1.398000,1.386000,1.349000,5.346000,4.310000,3.386000,2.561000,1.604000,0.802200,0.384500,0.171600,0.184600,0.241100,47.240000,46.480000,39.730000,31.740000,19.280000,9.652000,4.411000,1.919000,2.046000,2.602000,0
0.700000,8.198000,162.593100,1.006000,1.286000,1.507000,1.499000,1.528000,1.397000,1.297000,1.260000,1.249000,1.245000,4.780000,4.041000,2.928000,2.009000,1.202000,0.391400,0.099610,0.070240,0.104100,0.130200,38.490000,41.570000,35.290000,24.100000,14.690000,4.375000,1.033000,0.708100,1.040000,1.297000,0
0.500000,6.276000,795.970000,1.185000,2.109000,2.475000,2.387000,2.114000,2.207000,2.114000,2.064000,2.038000,1.924000,8.733000,7.721000,6.555000,5.534000,4.798000,4.158000,3.637000,3.169000,2.741000,2.232000,82.760000,130.300000,129.800000,105.700000,81.150000,73.390000,61.490000,52.330000,44.690000,34.360000,3
0.522200,6.957000,695.500000,1.624000,2.298000,2.301000,2.243000,2.190000,2.183000,2.115000,2.028000,1.904000,1.890000,7.859000,6.653000,5.399000,4.826000,4.195000,3.427000,2.883000,2.549000,2.184000,1.876000,102.100000,122.300000,99.390000,86.620000,73.490000,59.850000,48.770000,41.350000,33.270000,28.360000,3
0.544400,6.526000,643.910000,1.068000,2.034000,2.255000,2.125000,2.077000,2.109000,2.035000,1.969000,1.903000,1.781000,7.856000,6.990000,5.682000,4.952000,4.281000,3.653000,2.861000,2.376000,2.144000,1.885000,67.150000,113.800000,102.500000,84.190000,71.120000,61.640000,46.590000,37.430000,32.630000,26.860000,3
0.566700,7.056000,556.550000,1.423000,2.128000,2.024000,1.967000,2.279000,2.016000,1.908000,1.818000,1.741000,1.621000,7.313000,6.122000,5.028000,4.440000,3.741000,2.881000,2.212000,1.897000,1.687000,1.411000,83.240000,104.200000,81.420000,69.860000,68.210000,46.470000,33.760000,27.600000,23.500000,18.290000,0
0.588900,7.372000,461.650000,1.518000,1.930000,2.016000,2.016000,2.016000,1.954000,1.849000,1.760000,1.689000,1.601000,6.766000,5.517000,4.419000,3.941000,3.066000,2.390000,1.609000,1.279000,1.215000,1.128000,82.170000,85.190000,71.250000,63.570000,49.440000,37.360000,23.790000,18.010000,16.420000,14.450000,0
0.611100,7.264000,415.433000,1.272000,1.917000,1.855000,1.969000,1.900000,1.874000,1.749000,1.696000,1.690000,1.569000,6.669000,5.615000,4.608000,3.614000,2.877000,2.188000,1.587000,1.192000,0.897100,0.725900,67.870000,86.110000,68.380000,56.910000,43.730000,32.800000,22.210000,16.180000,12.130000,9.113000,0
0.633300,7.798000,316.669000,1.406000,1.717000,1.737000,1.874000,1.892000,1.687000,1.577000,1.540000,1.390000,1.371000,5.908000,4.798000,3.771000,3.183000,2.176000,1.446000,1.036000,0.616900,0.504800,0.496400,66.440000,65.920000,52.410000,47.710000,32.940000,19.530000,13.060000,7.601000,5.614000,5.444000,0
0.655600,7.617000,274.384000,1.228000,1.479000,1.760000,1.723000,1.714000,1.688000,1.581000,1.448000,1.364000,1.322000,5.969000,4.774000,3.966000,3.036000,1.979000,1.236000,0.672700,0.354000,0.247100,0.226900,58.650000,56.490000,55.850000,41.860000,27.140000,16.690000,8.507000,4.101000,2.696000,2.400000,1
0.677800,7.334000,247.813000,0.891900,1.265000,1.562000,1.773000,1.798000,1.695000,1.601000,1.483000,1.431000,1.434000,5.866000,4.900000,4.073000,3.017000,2.025000,1.253000,0.674800,0.291500,0.225400,0.164900,41.850000,49.580000,50.900000,42.790000,29.130000,16.990000,8.641000,3.459000,2.581000,1.892000,0
0.700000,7.984000,176.825700,1.044000,1.315000,1.474000,1.636000,1.519000,1.482000,1.375000,1.362000,1.341000,1.345000,5.278000,4.075000,3.025000,2.250000,1.313000,0.534400,0.094440,0.019810,0.042780,0.072950,44.060000,42.870000,35.670000,29.440000,15.950000,6.337000,1.039000,0.215800,0.458900,0.785000,0
